$SPEC_ID:
No sample description was entered.
$SPEC_REM:
DET# 1
DETDESC# MCB 338
AP# Maestro Version 6.06
$DATE_MEA:
08/05/2019 12:46:18
$MEAS_TIM:
7097 7163
$DATA:
0 8191
       0
       0
       0
       0
       0
       0
       0
       0
       0
       0
       0
       0
       0
       0
       0
       0
       0
       0
       0
       0
       0
       0
       0
       0
       0
       0
       0
       0
       0
       0
       0
       0
       0
       0
       0
       0
       0
       0
       0
       0
       0
       0
       0
       0
       0
       1
       0
       0
       0
       0
       4
      41
     173
     577
    1106
    1599
    2044
    2197
    2205
    2101
    2230
    2130
    2169
    2068
    2172
    2126
    2089
    2065
    2028
    2018
    2003
    1998
    1925
    1933
    1903
    1868
    1850
    1762
    1837
    1838
    1811
    1787
    1739
    1837
    1700
    1773
    1636
    1681
    1675
    1681
    1670
    1706
    1546
    1669
    1601
    1585
    1627
    1543
    1592
    1497
    1528
    1513
    1481
    1527
    1470
    1480
    1482
    1538
    1448
    1453
    1506
    1408
    1465
    1474
    1403
    1374
    1425
    1395
    1396
    1348
    1430
    1411
    1404
    1320
    1421
    1314
    1324
    1384
    1300
    1305
    1391
    1301
    1258
    1310
    1261
    1280
    1298
    1296
    1293
    1216
    1268
    1316
    1251
    1195
    1229
    1229
    1289
    1210
    1192
    1252
    1236
    1139
    1204
    1212
    1156
    1133
    1163
    1104
    1138
    1141
    1162
    1173
    1123
    1143
    1175
    1157
    1200
    1132
    1155
    1157
    1168
    1102
    1139
    1091
    1090
    1132
    1067
    1045
    1131
    1101
    1070
    1118
    1081
    1161
    1132
    1073
    1044
    1066
    1042
    1057
    1097
    1088
    1003
    1075
    1033
    1063
    1070
    1050
    1012
    1053
    1094
    1018
    1032
    1012
    1058
     976
     998
    1002
     990
    1015
     995
    1035
    1033
    1061
    1019
     995
    1086
     993
    1015
     998
    1080
    1043
    1062
    1033
     946
     982
     919
    1082
    1098
    1065
    1205
    1238
    1210
    1166
    1178
    1068
    1063
     992
     985
    1028
    1017
     961
    1021
    1009
    1033
    1045
     977
    1019
    1074
     996
     986
    1025
    1020
     957
    1018
    1019
     981
     998
    1023
     984
    1048
    1059
    1131
    1141
    1182
    1169
    1145
    1056
    1050
     982
     968
    1011
    1044
    1026
     995
    1047
    1024
    1025
     973
     982
    1060
    1087
    1012
    1048
    1083
    1022
     998
    1150
    1083
    1101
    1104
    1096
    1140
    1117
    1104
    1176
    1098
    1142
    1153
    1209
    1216
    1197
    1204
    1258
    1244
    1141
    1285
    1339
    1432
    1723
    1957
    2401
    2663
    2686
    2337
    1970
    1575
    1366
    1277
    1160
    1257
    1210
    1229
    1229
    1233
    1225
    1255
    1329
    1176
    1240
    1380
    1301
    1431
    1485
    1531
    1507
    1416
    1371
    1379
    1315
    1320
    1326
    1356
    1332
    1402
    1395
    1335
    1402
    1356
    1412
    1439
    1436
    1382
    1354
    1441
    1405
    1418
    1456
    1566
    1555
    1574
    1581
    1579
    1810
    2243
    3051
    4052
    4986
    5635
    5282
    4322
    3317
    2466
    2177
    2186
    2943
    4292
    6419
    8310
    9036
    8288
    6699
    4631
    3107
    2160
    1671
    1586
    1672
    1865
    2067
    2074
    1941
    1732
    1567
    1405
    1516
    1708
    1872
    1930
    1793
    1686
    1534
    1403
    1319
    1272
    1300
    1263
    1446
    1643
    1942
    2268
    2625
    2674
    2395
    2038
    1766
    1490
    1400
    1330
    1288
    1342
    1391
    1481
    1696
    2163
    2710
    3293
    3652
    3919
    3682
    3311
    2627
    2084
    1670
    1569
    1469
    1476
    1693
    1861
    2240
    2369
    2433
    2318
    2090
    1720
    1455
    1282
    1268
    1457
    1748
    2462
    3381
    4388
    5300
    5617
    5174
    4253
    3239
    2485
    1952
    1816
    1865
    2008
    2123
    2175
    2124
    1878
    1616
    1361
    1280
    1175
    1090
    1070
    1021
    1062
    1079
    1144
    1295
    1394
    1693
    1920
    2211
    2345
    2292
    1891
    1654
    1410
    1223
    1061
    1091
    1066
     950
     994
    1041
     995
     935
    1054
    1018
    1048
    1037
    1027
    1041
    1068
     994
    1013
    1049
    1010
    1031
     958
     999
    1016
    1007
    1021
    1055
    1009
    1070
    1048
    1054
    1024
     992
    1025
     988
    1024
     986
    1027
    1037
    1043
    1064
    1082
    1061
    1129
    1115
    1118
    1146
    1138
    1178
    1072
    1146
    1165
    1229
    1324
    1344
    1343
    1336
    1390
    1380
    1317
    1319
    1261
    1343
    1296
    1362
    1396
    1303
    1246
    1177
    1137
    1141
    1122
    1168
    1129
    1150
    1165
    1108
    1094
    1077
    1039
     990
     994
    1032
    1038
     974
     929
     954
    1001
    1021
    1012
     997
    1022
    1058
    1026
     948
     993
     936
     980
     990
     972
    1026
    1021
    1063
     986
    1022
    1057
    1025
    1033
    1046
    1028
    1084
    1083
    1070
    1029
     958
    1022
     981
    1004
     957
    1027
     979
    1005
     997
    1031
    1009
    1014
     981
    1064
    1066
     975
    1052
     982
    1030
    1022
    1073
     972
    1000
     979
    1015
    1011
    1017
     987
    1066
     962
    1032
     942
    1039
    1021
     970
    1007
    1020
    1034
    1056
    1036
    1066
    1095
    1082
     991
    1014
    1037
    1042
    1000
    1123
    1016
    1025
    1023
     989
    1011
    1084
    1044
    1026
     978
    1027
    1042
    1074
    1007
    1059
    1061
    1012
    1043
    1071
    1111
    1010
    1064
    1063
    1036
    1037
    1076
    1058
    1090
     996
    1109
    1038
    1141
    1045
    1062
    1080
    1056
    1051
    1041
    1072
    1057
    1044
    1116
    1054
    1049
    1056
    1044
    1106
    1044
    1193
    1360
    1445
    1708
    1749
    1794
    1659
    1575
    1405
    1230
    1145
    1158
    1153
    1002
    1051
     994
    1116
    1108
    1052
    1078
    1109
    1033
    1025
    1122
    1117
    1159
    1100
    1091
    1129
    1098
    1090
    1151
    1100
    1117
    1175
    1152
    1142
    1190
    1157
    1142
    1128
    1086
    1125
    1110
    1136
    1116
    1122
    1126
    1111
    1188
    1126
    1195
    1301
    1364
    1345
    1382
    1374
    1215
    1125
    1165
    1124
    1097
    1109
    1109
    1085
    1117
    1132
    1070
    1090
    1067
    1087
    1057
    1097
    1041
    1022
    1067
    1038
    1046
    1047
    1037
     957
    1003
    1029
    1024
    1025
    1025
    1061
     948
     998
     962
     990
    1024
     961
    1005
    1043
    1033
    1041
    1147
    1225
    1235
    1203
    1054
    1070
     989
     994
    1017
    1021
     965
     870
     908
     981
     987
     918
     931
     996
     886
     919
     956
     945
     870
     935
     912
     923
     907
     912
     930
     971
     910
     850
     934
     869
     934
     890
     900
     891
     881
     870
     858
     896
     839
     889
     914
     915
     940
     916
     896
     882
     851
     890
     882
     898
     867
     883
     901
     851
     915
     844
     837
     843
     873
     837
     858
     808
     841
     898
     881
     857
     894
     877
     867
     857
     883
     881
     905
     870
     898
     892
     841
     905
     884
     897
     904
     876
     895
     842
     902
     908
     908
     898
     943
     943
     884
     950
     909
     930
     894
     899
     937
     864
     929
     957
    1004
    1304
    1875
    2699
    3608
    4666
    5555
    5883
    5575
    4819
    3712
    2775
    1862
    1355
    1064
     946
     872
     893
     859
     859
     891
     818
     816
     818
     883
     781
     892
     810
     868
     853
     873
     817
     787
     778
     873
     814
     844
     809
     831
     813
     845
     795
     829
     819
     796
     804
     784
     836
     846
     787
     832
     871
     875
     868
     809
     847
     842
     841
     844
     822
     808
     841
     829
     753
     783
     762
     810
     790
     756
     808
     746
     790
     752
     743
     771
     764
     755
     732
     723
     775
     802
     745
     794
     732
     761
     827
     808
     791
     691
     787
     740
     702
     727
     733
     747
     681
     751
     791
     844
     895
     867
     867
     899
     823
     775
     725
     691
     628
     676
     648
     678
     685
     687
     694
     633
     610
     669
     685
     645
     688
     606
     666
     691
     657
     734
     686
     659
     704
     648
     653
     633
     639
     603
     665
     658
     615
     632
     663
     605
     609
     622
     632
     620
     579
     578
     619
     621
     596
     618
     594
     601
     592
     563
     609
     553
     621
     570
     572
     607
     597
     579
     573
     576
     561
     543
     583
     595
     581
     599
     587
     601
     609
     617
     574
     593
     598
     574
     586
     532
     560
     577
     590
     588
     550
     536
     583
     551
     608
     542
     600
     584
     576
     567
     557
     577
     544
     535
     584
     592
     576
     553
     559
     563
     589
     614
     576
     548
     551
     578
     573
     563
     550
     518
     508
     577
     518
     501
     573
     546
     618
     566
     540
     492
     553
     525
     517
     571
     515
     547
     571
     503
     507
     543
     539
     514
     551
     535
     522
     501
     498
     533
     546
     539
     555
     611
     715
     776
     896
     910
     926
     797
     734
     646
     596
     553
     506
     458
     494
     506
     540
     550
     519
     575
     517
     525
     498
     485
     559
     534
     564
     606
     771
    1131
    1714
    2673
    3708
    4630
    5218
    5048
    4407
    3414
    2298
    1486
    1034
     718
     550
     511
     471
     479
     459
     453
     468
     471
     430
     450
     441
     446
     500
     463
     424
     431
     460
     429
     459
     468
     502
     408
     445
     420
     465
     426
     440
     449
     433
     454
     452
     433
     437
     429
     449
     435
     415
     444
     468
     438
     468
     405
     393
     412
     386
     436
     419
     455
     415
     417
     439
     436
     468
     399
     405
     440
     460
     481
     505
     559
     575
     613
     569
     590
     547
     502
     469
     467
     467
     523
     564
     601
     679
     765
     707
     699
     586
     510
     517
     451
     453
     444
     390
     413
     428
     404
     373
     400
     372
     386
     413
     422
     400
     417
     395
     406
     401
     410
     396
     397
     427
     392
     382
     392
     441
     361
     406
     405
     378
     343
     392
     370
     390
     379
     374
     353
     400
     403
     422
     430
     451
     510
     599
     651
     695
     791
     734
     671
     618
     582
     570
     582
     606
     651
     648
     583
     555
     513
     425
     448
     403
     374
     390
     443
     433
     481
     408
     483
     504
     483
     548
     519
     548
     526
     445
     408
     377
     400
     377
     407
     364
     344
     348
     430
     346
     370
     354
     386
     361
     329
     376
     336
     350
     338
     347
     402
     365
     391
     378
     410
     380
     413
     348
     336
     379
     354
     382
     378
     386
     386
     365
     398
     398
     358
     396
     400
     370
     327
     375
     357
     373
     354
     377
     402
     385
     402
     378
     383
     401
     346
     401
     356
     358
     359
     336
     375
     345
     360
     347
     369
     374
     337
     354
     362
     328
     340
     340
     344
     349
     369
     339
     318
     358
     323
     333
     367
     319
     388
     388
     354
     444
     508
     678
    1195
    2018
    3193
    5068
    7003
    8719
    9484
    9265
    7921
    6035
    4268
    2665
    1554
     939
     628
     449
     412
     396
     384
     377
     337
     336
     334
     366
     309
     347
     338
     392
     380
     443
     427
     366
     402
     368
     327
     309
     291
     314
     314
     315
     350
     368
     337
     337
     333
     342
     318
     325
     356
     328
     317
     341
     360
     339
     308
     301
     316
     322
     314
     305
     317
     291
     290
     327
     289
     285
     294
     326
     283
     326
     305
     298
     275
     299
     330
     293
     276
     325
     293
     304
     307
     271
     259
     277
     306
     297
     315
     308
     311
     289
     345
     315
     300
     308
     286
     344
     318
     344
     310
     317
     335
     317
     296
     297
     333
     319
     306
     320
     289
     277
     264
     285
     304
     293
     275
     248
     287
     270
     297
     270
     277
     276
     290
     272
     294
     268
     292
     290
     293
     266
     292
     295
     279
     282
     280
     263
     280
     299
     293
     290
     309
     316
     321
     377
     370
     368
     333
     348
     296
     325
     280
     305
     287
     274
     295
     305
     252
     272
     272
     293
     253
     287
     255
     297
     283
     271
     292
     267
     322
     303
     313
     320
     352
     359
     361
     311
     351
     331
     272
     291
     311
     282
     253
     293
     255
     270
     293
     327
     275
     293
     285
     296
     335
     318
     309
     322
     320
     320
     284
     284
     297
     307
     289
     284
     266
     262
     282
     276
     241
     288
     298
     293
     272
     326
     287
     339
     312
     305
     287
     296
     292
     296
     252
     311
     278
     273
     278
     317
     300
     297
     271
     308
     291
     270
     262
     287
     288
     278
     266
     289
     300
     275
     261
     293
     278
     299
     304
     259
     286
     279
     308
     263
     249
     298
     239
     295
     267
     296
     276
     252
     286
     283
     307
     321
     329
     351
     327
     336
     335
     426
     470
     644
     991
    1524
    2480
    4072
    6284
    9019
   11385
   13398
   14097
   12941
   11165
    8443
    5902
    3691
    2191
    1227
     719
     470
     383
     305
     304
     293
     258
     269
     259
     283
     272
     260
     262
     237
     222
     253
     230
     211
     263
     219
     231
     238
     231
     246
     227
     224
     221
     223
     239
     250
     243
     220
     244
     227
     228
     221
     230
     261
     227
     231
     222
     248
     246
     215
     247
     229
     221
     258
     236
     252
     235
     228
     271
     239
     234
     248
     206
     225
     218
     235
     263
     248
     233
     221
     248
     221
     226
     253
     243
     217
     225
     239
     238
     259
     219
     253
     227
     237
     237
     243
     224
     220
     238
     217
     230
     248
     212
     238
     242
     250
     222
     217
     220
     232
     223
     220
     249
     230
     246
     237
     232
     258
     222
     248
     240
     269
     242
     259
     237
     208
     238
     236
     224
     207
     216
     239
     226
     233
     239
     256
     239
     233
     241
     242
     233
     218
     215
     224
     243
     265
     227
     204
     218
     209
     204
     247
     234
     240
     233
     232
     225
     235
     263
     232
     256
     233
     248
     253
     241
     232
     241
     279
     263
     213
     276
     255
     276
     286
     292
     288
     305
     321
     331
     301
     306
     310
     290
     287
     325
     361
     338
     357
     329
     320
     308
     290
     260
     282
     263
     235
     252
     224
     269
     232
     228
     259
     228
     245
     222
     239
     257
     257
     244
     277
     246
     266
     275
     240
     265
     231
     222
     245
     241
     260
     253
     267
     246
     246
     224
     237
     216
     247
     231
     235
     238
     244
     234
     235
     215
     240
     226
     244
     242
     233
     214
     241
     254
     262
     314
     284
     318
     319
     357
     358
     320
     339
     323
     260
     255
     249
     243
     257
     284
     258
     274
     282
     297
     330
     335
     349
     321
     272
     291
     319
     265
     272
     246
     266
     245
     253
     243
     270
     265
     238
     205
     246
     274
     246
     255
     224
     243
     227
     266
     246
     248
     264
     266
     220
     254
     250
     244
     244
     240
     230
     274
     264
     231
     287
     245
     278
     269
     254
     269
     262
     242
     255
     255
     254
     239
     256
     260
     273
     234
     284
     253
     254
     272
     248
     232
     269
     234
     273
     260
     260
     248
     250
     247
     264
     238
     268
     235
     261
     249
     217
     261
     233
     291
     277
     281
     270
     273
     272
     254
     245
     234
     255
     231
     244
     264
     236
     243
     236
     252
     249
     241
     214
     262
     268
     287
     249
     254
     266
     255
     281
     262
     256
     240
     277
     250
     247
     243
     228
     240
     234
     231
     224
     225
     237
     208
     205
     227
     221
     207
     194
     194
     208
     211
     181
     198
     201
     201
     189
     186
     160
     211
     188
     188
     202
     184
     188
     180
     182
     193
     220
     211
     182
     210
     190
     186
     176
     160
     173
     196
     182
     208
     201
     207
     179
     166
     191
     181
     173
     165
     177
     175
     167
     168
     166
     178
     178
     155
     163
     178
     189
     190
     184
     179
     157
     165
     164
     143
     185
     165
     175
     182
     181
     167
     168
     171
     177
     194
     180
     180
     180
     176
     183
     180
     180
     152
     188
     163
     171
     162
     168
     169
     149
     180
     164
     154
     148
     184
     153
     181
     195
     168
     145
     175
     173
     131
     151
     148
     147
     164
     161
     152
     194
     168
     162
     192
     165
     149
     166
     180
     166
     179
     177
     205
     220
     221
     213
     227
     229
     244
     199
     187
     190
     149
     174
     150
     177
     138
     136
     145
     150
     150
     154
     158
     148
     145
     140
     169
     149
     165
     148
     153
     206
     151
     154
     183
     184
     172
     173
     181
     187
     189
     195
     187
     188
     154
     172
     158
     149
     162
     144
     132
     172
     165
     129
     161
     142
     163
     123
     138
     146
     135
     133
     139
     144
     132
     151
     154
     137
     151
     141
     139
     180
     153
     161
     176
     174
     178
     180
     179
     171
     149
     167
     153
     171
     158
     152
     137
     120
     117
     142
     113
     149
     158
     154
     149
     148
     185
     148
     169
     147
     148
     146
     162
     169
     139
     131
     143
     172
     162
     138
     149
     148
     136
     122
     161
     131
     140
     139
     137
     142
     127
     173
     162
     168
     175
     151
     191
     217
     220
     204
     234
     201
     168
     194
     157
     161
     135
     138
     138
     163
     165
     125
     117
     137
     143
     153
     140
     110
     144
     134
     140
     136
     136
     143
     135
     132
     171
     183
     210
     224
     204
     212
     198
     181
     204
     170
     171
     168
     130
     152
     144
     128
     131
     116
     139
     119
     122
     124
     133
     122
     126
     113
     157
     133
     136
     126
     130
     136
     109
     133
     128
     124
     115
     128
     145
     127
     132
     147
     117
     120
     112
     138
     125
     103
     132
     130
     126
     108
     117
     128
     118
     119
      98
     139
     114
     122
      98
     112
     114
     120
     127
     117
     119
     124
     116
     120
     108
     145
     119
     125
     118
     102
     109
     104
     127
     112
     111
     124
     126
     118
     139
     116
     120
     104
     118
     125
     116
     109
     119
      99
     126
     114
     118
     131
     131
     116
     110
     126
     117
     117
     114
     123
     121
     113
     141
     130
     137
     130
     137
     142
     161
     153
     161
     163
     152
     147
     168
     151
     154
     138
     137
     135
     143
     138
     131
     124
     131
     109
     123
     117
     107
     117
     122
     111
     133
     106
     112
     114
     123
      96
     103
     114
     133
     107
     108
     119
      98
     110
     108
     114
     118
     109
     118
     117
     109
     136
      90
     122
     102
     121
     134
     122
     106
      99
     124
     138
     108
     107
     125
     110
     100
     117
     104
     109
     108
     108
     121
     139
     123
     116
     104
     124
     108
     108
     114
     123
     112
     106
     106
     114
     117
     122
     126
     106
     115
     113
     113
     115
     116
     103
     103
     118
     120
      98
     113
     111
      90
     117
     115
     113
      86
     102
     107
     113
     119
     122
     121
     113
     134
     117
     122
     121
     119
     131
     162
     123
     156
     159
     125
     131
     128
     130
     122
     114
      97
     119
     130
     111
     136
     118
     124
     112
     139
     117
     126
     102
     113
     107
     120
     111
     111
     115
      98
     108
     119
      96
     137
     107
     122
     115
     110
      95
     111
     101
     103
     107
     112
     114
      90
     116
     115
     112
     117
     128
     122
     123
     119
     126
     140
     124
     102
     115
     131
     124
     113
     103
     114
     112
      98
     114
      94
     123
     122
     109
     122
      97
     106
     114
     128
      94
     108
      95
     119
      96
     119
      98
     123
      99
     110
     103
     103
     114
      97
     110
     123
     102
     107
     103
      92
     118
      89
     134
      97
     110
     119
     106
      95
      99
     114
     104
     104
     118
     106
      97
     101
      96
     101
     105
     103
     105
     104
     121
      98
      94
     102
     103
      85
      92
      99
     102
     104
     108
     131
     103
     113
     108
     110
      91
      95
     115
     100
     102
      89
      96
     105
     108
     100
      95
     107
     100
      86
     101
     114
      88
     113
     113
     126
     102
      91
     108
      98
      84
     124
      97
     100
     117
      87
     102
      93
      84
     100
     107
     110
      89
     108
     104
     106
     126
     110
     106
     108
     110
     111
     114
      93
     110
     117
     112
      99
     110
      92
      94
     112
     108
     113
     109
     109
     109
     126
     107
     109
     116
      89
     104
     109
     120
     108
      87
      95
      91
      86
     114
     105
     106
     101
      92
      77
     104
      95
     119
     103
      94
     107
     103
     144
      94
     141
     126
     132
     151
     136
     163
     140
     141
     122
     127
     122
     109
      98
      98
      99
      95
     109
      98
      99
      88
      97
      95
      98
      89
     102
     110
      82
      99
     105
     112
     113
     104
     108
      93
      99
      85
     103
     101
     102
     108
     112
      91
      91
      96
      99
      76
      99
     108
      83
     114
     105
     100
      84
      90
      96
      90
      76
     101
      88
     102
     109
      98
      93
      89
      94
      95
     101
      99
      83
      92
     105
     100
      90
      92
     101
     112
      87
      91
     109
      99
      99
      94
      87
      82
      97
      90
      85
      98
      89
      89
      94
      95
     104
      82
      99
      79
     101
      95
      79
      96
     108
      91
     104
      89
      78
      99
     107
      95
      86
     100
     110
     126
      92
      90
      96
     102
     101
      94
     109
      95
      93
      92
      91
     116
     122
     142
     123
     140
     131
     175
     179
     243
     250
     355
     417
     537
     790
    1131
    1589
    2272
    3100
    4008
    5057
    5711
    6224
    6526
    6157
    5814
    4990
    4008
    3106
    2180
    1486
     964
     606
     367
     232
     172
     137
      95
     105
      99
      89
     110
      78
      78
      99
      81
      75
      86
      78
      68
      90
      82
     120
      90
      90
      91
      74
      83
     106
      89
      80
      77
     100
      84
      90
      83
      96
      74
      77
      89
      78
      93
      76
      73
      78
      89
      71
     107
      83
      82
      72
     100
      69
      83
      80
      84
      61
      86
      92
      85
      80
      92
      71
      72
      80
      88
      81
      71
      85
      66
      72
      78
      58
      67
      85
      85
      83
      71
      72
      80
      77
      73
      77
      68
      79
      80
      69
      67
      71
      84
      85
      80
      73
      84
      68
      83
     102
      93
      60
      87
      97
      96
      82
      82
      93
      77
      77
      91
      93
      80
      86
      94
      77
      86
      74
      82
      79
      68
      76
      74
      75
      77
      75
      80
      56
      69
      83
      75
      91
      75
      75
      75
      80
      75
      76
      82
      68
      69
      88
      88
      76
      79
      81
      88
      71
      82
      56
      65
      66
      63
      68
      90
      80
      70
      70
      73
      79
      78
      76
      76
      67
      75
      61
      64
      73
      71
      64
      79
      72
      78
      64
      65
      69
      80
      73
      59
      67
      86
      68
      68
      76
      79
      87
      84
      74
      91
      79
     105
      75
      96
      81
      87
      72
      68
      56
      76
      81
      66
      76
      78
      85
      74
      68
      85
      79
      92
      70
      63
      83
      61
      80
      76
      65
      75
      83
      92
      50
      82
      74
      60
     105
      66
      72
      69
      85
      77
      87
      83
      95
      75
      69
      76
      81
      81
      82
      80
      70
      71
      88
      77
      69
      70
      70
      70
      74
      90
      87
      68
      55
      94
      94
      81
      90
      86
      88
      98
      98
     124
     119
     173
     179
     203
     232
     234
     218
     217
     203
     227
     181
     158
     125
     107
     122
      92
      85
      93
      91
      74
      73
      76
      78
      72
      72
      85
      69
      84
      53
      72
      78
      68
      63
      90
      77
      58
      73
      77
      64
      72
      84
      86
      79
      88
      74
      76
      76
      87
      80
      71
      75
      74
      65
      65
      71
      70
      71
      67
      72
      77
      66
      72
      84
      61
      60
      65
      83
      70
      70
      59
      68
      60
      86
      93
      90
      85
      50
      72
      68
      79
      69
      83
      76
      60
      85
      65
      88
      87
      71
      80
      72
      72
      81
      96
      72
      77
      87
      71
      75
      70
      66
      53
      80
      63
      80
      87
      60
      71
      66
      66
      69
      68
      75
      85
      70
      67
      75
      90
      85
      68
      88
      66
      76
      73
      67
      67
      81
      68
      76
      60
      70
      69
      77
      68
      73
      75
      81
      75
      76
      57
      65
      62
      73
      86
      78
      79
      69
      64
      74
      53
      59
      72
      65
      74
      64
      76
      72
      79
      74
      92
      74
      83
      82
      83
      75
      84
      74
      73
      77
      82
      68
      73
      77
      76
      78
      72
      58
      82
      86
     101
      77
      80
      92
     108
     102
     109
     112
     130
     126
     135
     103
     109
     110
      96
      88
     110
      89
     100
      85
      94
      71
      76
      73
      60
      88
      84
      86
      81
      81
      78
      77
      87
      82
      68
      77
      67
      65
      89
      67
      65
      68
      90
      77
      82
      82
      82
      71
      72
     102
      85
      70
      82
      71
      75
      67
      76
      72
      81
      81
      71
      71
      78
      77
      71
      62
      79
      84
      65
      78
      67
      58
      70
      68
      73
      82
      66
      63
      70
      90
      76
      86
      74
      94
      97
      77
     111
     102
     116
     122
     112
     105
     105
      80
     108
      87
      90
      87
      91
      81
      82
      68
      62
      75
      68
      70
      80
      82
      72
      80
      72
      59
      79
      82
      66
      72
      76
      62
      70
      69
      62
      71
      68
      68
      76
      78
      76
      55
      67
      59
      85
      63
      77
      69
      90
      71
      67
      63
      70
      81
      74
      70
      72
      81
      60
     101
      72
      79
      61
      81
      75
      72
      68
      90
      78
      73
      89
      86
      72
      63
      67
      74
      88
      90
      66
      66
      69
      61
      60
      64
      77
      67
      73
      68
      61
      73
      93
      71
      54
      79
      61
      61
      71
      73
      71
      62
      66
      64
      83
      66
      88
      80
      77
     112
      87
      95
      98
     125
     120
     112
     115
     110
     123
     123
      85
     100
      85
      80
      73
      69
      88
      75
      70
      80
      73
      79
      64
      86
      78
      85
      85
      76
      88
      76
      80
      79
      73
      76
      81
      73
      66
      72
      74
      67
      72
      75
      68
      59
      58
      76
      73
      82
      79
      70
      71
      75
      84
      84
      75
      78
      77
      78
      77
      68
      81
      76
      62
      64
      73
      54
      89
      68
      84
      60
      58
      66
      72
      69
      56
      67
      56
      65
      65
      76
      82
      68
      81
      73
      68
      61
      64
      57
      65
      66
      54
      54
      60
      58
      78
      70
      67
      68
      65
      66
      64
      66
      60
      62
      76
      80
      74
      91
      92
      86
      74
      83
      90
      91
     100
     110
     107
     148
     145
     180
     164
     202
     210
     257
     304
     331
     435
     444
     500
     543
     552
     547
     484
     448
     429
     313
     295
     255
     179
     147
     121
     106
      89
      75
      77
      68
      76
      66
      66
      65
      63
      53
      75
      79
      76
      68
      75
      73
      63
      70
      65
      54
      72
      68
      69
      64
      66
      62
      63
      81
      68
      69
      78
      63
      66
      68
      80
      66
      72
      64
      65
      73
      82
      72
      57
      65
      62
      69
      65
      87
      76
      75
      50
      90
      68
      75
      66
      53
      68
      62
      74
      76
      84
      64
      77
      84
      95
      85
     104
     111
     143
     152
     162
     167
     166
     197
     157
     160
     165
     141
     137
     135
     109
      95
      94
      93
      61
      69
      83
      78
      79
      84
      76
      65
      73
      64
      79
      50
      62
      71
      73
      79
      86
      62
      85
      67
      52
      79
      65
      59
      68
      71
      83
      68
      62
      73
      75
      52
      77
      78
      47
      71
      68
      75
      72
      82
      66
      63
      68
      80
      68
      56
      63
      76
      66
      67
      62
      62
      78
      47
      89
      70
      69
      80
      74
      70
      67
      71
      62
      63
      73
      69
      62
      64
      66
      67
      58
      62
      82
      58
      72
      67
      70
      65
      96
      90
     106
     125
     125
     148
     180
     203
     177
     167
     164
     168
     145
     140
     129
     125
     111
     111
      86
      78
      87
      68
      75
      70
      73
      73
      76
      81
      68
      62
      77
      55
      72
      54
      65
      73
      76
      64
      72
      67
      68
      69
      70
      63
      71
      78
      71
      75
      63
      71
      58
      70
      59
      72
      66
      70
      70
      59
      90
      73
      59
      82
      56
      71
      70
      64
      65
      72
      74
      74
      79
      78
      74
      63
      73
      66
      72
      75
      83
      63
      78
      91
      96
      82
      83
      88
      66
      91
      79
      81
      65
      79
      81
      69
      68
      81
      77
      77
      59
      76
      75
      85
      86
      87
      77
      92
      82
      66
      76
      77
      74
      74
      69
      63
      84
      64
      65
      77
      73
      72
      66
      60
      63
      69
      68
      81
      71
      64
      83
      83
      79
      85
      98
      87
      66
      68
      85
      82
      69
      77
      78
      69
      69
      57
      70
      77
      70
      79
      81
      69
      75
      67
      76
      64
      81
      63
      77
      88
      69
      81
      87
      99
     118
     119
     112
     117
     123
     117
     110
     102
     109
     117
     101
      74
      84
      87
      84
      62
      77
      68
      68
      60
      69
      63
      71
      67
      87
      83
      65
      76
      62
      70
      66
      76
      78
      66
      68
      70
      78
      68
      59
      60
      84
      77
      60
      90
      67
      65
      71
      75
      65
      75
      62
      70
      82
      78
      63
      66
      62
      77
      67
      66
      66
      67
      72
      59
      66
      70
      69
      55
      75
      59
      74
      64
      73
      60
      83
      67
      68
      67
      84
      83
      78
      77
      74
      56
      81
      65
      61
      72
      79
      88
      91
      65
      71
      73
      79
      60
      68
      54
      68
      65
      76
      56
      54
      70
      73
      79
      62
      63
      66
      63
      74
      86
      63
      54
      79
      73
      76
      67
      64
      93
      77
      62
      64
      73
      83
      68
      71
      74
      86
      75
      91
      80
      72
      74
      73
      69
      65
      82
      68
      80
      69
      68
      74
      78
      75
      82
      84
      76
      66
      78
      69
      71
      63
      74
      62
      73
      80
      96
      65
      75
      77
      58
      80
      70
      93
      66
      62
      72
      78
      75
      82
      70
      74
      66
      82
      70
      68
      63
      67
      75
      71
      67
      80
      88
      64
      90
      73
      80
      59
      71
      87
      69
      72
      78
      62
      68
      77
      84
      65
      85
      68
      79
      77
      88
      72
      75
      63
      79
      75
      76
      76
      73
      75
      82
      54
      86
      74
      83
      67
      69
      70
      77
      79
      83
      69
      90
      74
      68
      75
      63
      79
      99
      78
      72
      76
      81
      63
      73
      68
      80
      70
      67
      72
      73
      66
      72
      72
      83
      66
      84
      66
      75
      72
      69
      68
      82
      79
      75
      77
      83
      84
      78
      88
      64
      69
      74
      78
      78
      74
      77
      72
      86
      76
      73
      71
      64
      88
      85
      64
      80
      78
      94
      74
      77
      77
      76
      77
      67
      72
      86
      73
      72
      83
      84
      75
      68
      86
      82
      86
      92
      83
      60
      79
      78
      74
      69
      77
      80
      79
      77
      79
      87
      86
      78
      68
      83
      82
      86
      60
      92
      77
      72
      65
      61
      96
      67
      66
      66
      91
      72
      78
      64
      73
      68
      73
      79
      55
      76
      80
      73
      89
      64
      67
      73
      79
      85
      69
      85
      80
      75
      91
      79
      61
      78
      64
      86
      97
      85
      69
      72
      62
      66
      66
      69
      74
      65
      69
      57
      65
      69
      76
      63
      63
      60
      61
      79
      61
      63
      67
      59
      73
      74
      62
      52
      78
      67
      66
      68
      69
      64
      54
      61
      68
      67
      54
      73
      68
      67
      63
      56
      56
      76
      66
      64
      71
      77
      65
      78
      60
      69
      65
      75
      56
      59
      66
      54
      77
      59
      71
      65
      68
      70
      62
      55
      73
      89
      63
      85
      63
      60
      50
      72
      61
      57
      65
      73
      70
      59
      71
      75
      72
      64
      68
      73
      83
      81
      57
      73
      66
      73
      80
      83
      86
      88
      81
     112
     138
     150
     133
     193
     208
     242
     274
     265
     269
     262
     238
     230
     226
     207
     199
     174
     164
     115
      93
      88
      74
      59
      69
      59
      79
      48
      57
      56
      71
      68
      60
      66
      59
      46
      57
      64
      49
      61
      61
      56
      70
      79
      51
      48
      53
      71
      62
      71
      72
      56
      64
      66
      63
      56
      56
      74
      67
      69
      65
      60
      56
      63
      47
      56
      64
      56
      64
      70
      64
      72
      59
      62
      55
      64
      68
      68
      62
      53
      53
      61
      66
      61
      56
      53
      59
      61
      54
      60
      51
      71
      63
      57
      55
      57
      66
      54
      54
      62
      44
      50
      69
      52
      64
      56
      58
      71
      55
      61
      52
      64
      64
      47
      54
      62
      63
      48
      53
      72
      51
      64
      53
      72
      56
      49
      54
      47
      49
      65
      60
      63
      64
      63
      49
      73
      62
      51
      56
      77
      61
      69
      55
      62
      61
      59
      64
      58
      61
      70
      68
      59
      83
      73
      80
      94
      95
      65
      62
      70
      87
      76
      79
      58
      64
      72
      55
      76
      53
      63
      64
      48
      60
      60
      61
      58
      59
      53
      49
      47
      65
      60
      63
      60
      63
      81
      65
      61
      55
      55
      61
      57
      66
      61
      60
      52
      65
      48
      56
      49
      57
      59
      70
      77
      48
      61
      59
      58
      55
      56
      42
      45
      59
      54
      54
      53
      58
      58
      74
      63
      52
      47
      50
      62
      55
      52
      60
      43
      51
      52
      48
      55
      61
      75
      66
      40
      72
      47
      56
      52
      64
      49
      64
      61
      70
      62
      49
      61
      57
      59
      59
      54
      58
      72
      66
      56
      70
      48
      57
      65
      50
      69
      59
      54
      48
      61
      61
      66
      53
      53
      57
      60
      62
      72
      59
      47
      55
      44
      54
      63
      51
      51
      59
      64
      55
      55
      55
      65
      57
      59
      62
      60
      57
      50
      45
      68
      59
      63
      61
      66
      53
      68
      57
      63
      40
      60
      58
      47
      53
      39
      70
      63
      54
      56
      56
      41
      49
      60
      52
      58
      59
      54
      59
      73
      68
      72
      70
      78
      96
      98
      87
     110
      98
     110
     109
     107
     107
     101
     128
      99
     106
      61
      83
      77
      82
      68
      62
      57
      59
      57
      41
      60
      48
      58
      54
      48
      43
      49
      65
      65
      46
      54
      59
      52
      52
      49
      50
      53
      61
      54
      47
      52
      53
      57
      45
      48
      46
      48
      42
      50
      58
      59
      45
      49
      51
      47
      58
      59
      51
      43
      55
      53
      57
      44
      58
      52
      43
      61
      56
      53
      64
      52
      59
      51
      44
      60
      53
      62
      51
      54
      56
      52
      43
      52
      58
      50
      41
      55
      53
      61
      49
      45
      55
      63
      50
      50
      62
      58
      43
      60
      52
      58
      44
      42
      61
      48
      39
      50
      53
      62
      53
      45
      53
      60
      60
      49
      54
      46
      47
      61
      42
      45
      59
      59
      59
      52
      40
      37
      47
      40
      46
      46
      60
      55
      40
      49
      50
      48
      51
      55
      47
      42
      52
      41
      47
      40
      54
      57
      46
      54
      56
      45
      46
      39
      67
      58
      73
      50
      50
      42
      61
      52
      44
      55
      46
      59
      45
      41
      53
      52
      41
      59
      47
      62
      47
      44
      43
      51
      56
      39
      45
      44
      43
      47
      42
      45
      53
      43
      47
      59
      45
      42
      57
      59
      39
      42
      53
      46
      57
      54
      32
      45
      42
      47
      43
      40
      48
      42
      50
      42
      53
      47
      51
      52
      61
      46
      47
      51
      33
      47
      44
      49
      53
      43
      45
      49
      52
      60
      50
      47
      48
      41
      45
      42
      53
      53
      33
      58
      39
      51
      56
      49
      56
      47
      63
      53
      65
      58
      53
      58
      50
      65
      65
      71
      53
      56
      61
      49
      47
      59
      64
      50
      48
      42
      53
      49
      52
      43
      41
      49
      38
      58
      56
      46
      50
      48
      49
      42
      45
      43
      40
      40
      35
      42
      42
      39
      56
      53
      45
      45
      42
      49
      43
      48
      49
      48
      48
      43
      48
      50
      34
      48
      43
      52
      48
      37
      55
      38
      42
      42
      41
      35
      52
      52
      49
      40
      48
      45
      41
      46
      39
      51
      41
      48
      40
      53
      66
      51
      39
      49
      48
      52
      40
      64
      67
      42
      65
      72
      77
      50
      45
      64
      52
      65
      69
      48
      50
      45
      49
      42
      43
      52
      36
      44
      53
      43
      31
      46
      48
      48
      42
      45
      30
      51
      31
      52
      52
      40
      47
      38
      48
      60
      47
      44
      40
      44
      35
      38
      42
      47
      47
      52
      48
      39
      49
      48
      39
      40
      43
      38
      45
      36
      40
      40
      46
      42
      48
      40
      42
      41
      47
      55
      48
      42
      34
      60
      39
      38
      44
      54
      36
      41
      40
      53
      38
      43
      37
      51
      49
      53
      42
      35
      43
      46
      44
      47
      47
      45
      51
      36
      65
      48
      52
      49
      58
      44
      45
      54
      32
      34
      48
      59
      34
      44
      34
      50
      35
      40
      50
      48
      50
      27
      46
      54
      36
      54
      49
      47
      51
      43
      40
      44
      55
      57
      54
      47
      49
      54
      31
      48
      49
      52
      36
      42
      42
      51
      48
      36
      42
      38
      41
      30
      55
      44
      33
      45
      45
      49
      42
      41
      43
      40
      45
      41
      33
      38
      45
      44
      59
      41
      55
      50
      50
      43
      52
      52
      51
      52
      59
      41
      54
      49
      40
      47
      43
      40
      41
      52
      34
      53
      53
      46
      47
      35
      44
      42
      58
      48
      41
      37
      41
      38
      41
      41
      31
      41
      43
      38
      46
      36
      46
      49
      37
      48
      56
      42
      49
      34
      38
      47
      44
      46
      49
      46
      54
      63
      64
      75
      67
      75
      75
      71
      85
      92
     101
      94
     141
     135
     194
     216
     259
     326
     380
     494
     524
     586
     629
     748
     730
     742
     744
     740
     706
     658
     660
     589
     536
     519
     417
     283
     254
     200
     154
     120
      90
      71
      56
      52
      45
      55
      44
      42
      44
      37
      55
      47
      43
      45
      39
      43
      41
      45
      47
      43
      37
      32
      37
      37
      36
      31
      42
      47
      38
      53
      44
      43
      47
      46
      51
      29
      57
      47
      41
      53
      48
      34
      52
      52
      49
      42
      55
      59
      47
      51
      52
      47
      54
      59
      65
      55
      41
      38
      48
      74
      47
      33
      53
      38
      44
      54
      39
      49
      45
      56
      39
      47
      47
      48
      42
      43
      52
      57
      46
      40
      67
      43
      58
      34
      53
      46
      33
      42
      45
      44
      42
      50
      33
      43
      52
      43
      50
      50
      38
      38
      46
      47
      43
      42
      42
      39
      54
      38
      55
      42
      42
      52
      36
      51
      44
      38
      46
      35
      35
      55
      48
      40
      48
      44
      54
      43
      39
      53
      47
      44
      44
      47
      48
      49
      49
      58
      45
      58
      45
      51
      50
      46
      57
      50
      51
      74
      78
      72
      74
      77
      86
     132
     116
     108
     118
     115
     117
     143
      95
     102
      90
      95
      88
      79
      74
      62
      46
      41
      50
      55
      54
      37
      38
      46
      50
      43
      38
      43
      43
      45
      43
      55
      49
      38
      39
      39
      37
      40
      38
      41
      45
      50
      37
      46
      36
      36
      45
      45
      39
      39
      39
      25
      36
      38
      44
      39
      32
      39
      50
      43
      41
      32
      36
      44
      40
      44
      42
      29
      50
      36
      30
      37
      48
      54
      39
      45
      40
      43
      37
      49
      43
      35
      35
      43
      49
      42
      46
      43
      47
      35
      36
      46
      41
      41
      31
      49
      40
      36
      42
      36
      40
      49
      38
      51
      43
      40
      33
      46
      41
      34
      36
      35
      40
      45
      35
      37
      31
      28
      35
      29
      40
      30
      43
      39
      34
      33
      50
      53
      49
      51
      65
      57
      57
      53
      59
      58
      53
      63
      61
      47
      41
      42
      61
      46
      46
      52
      53
      47
      42
      35
      43
      39
      37
      42
      39
      39
      43
      41
      34
      47
      29
      34
      36
      29
      33
      36
      38
      40
      54
      39
      47
      38
      39
      48
      33
      36
      32
      37
      40
      40
      33
      30
      40
      34
      27
      44
      49
      28
      41
      34
      27
      46
      30
      42
      32
      37
      31
      42
      38
      34
      38
      35
      36
      34
      38
      33
      38
      41
      39
      46
      28
      47
      37
      32
      29
      33
      34
      38
      40
      42
      28
      35
      39
      40
      38
      31
      34
      28
      45
      29
      38
      41
      41
      35
      26
      45
      44
      32
      34
      45
      35
      42
      36
      41
      27
      21
      35
      41
      51
      46
      32
      55
      54
      44
      51
      42
      61
      62
      62
      59
      52
      62
      56
      42
      44
      51
      48
      48
      49
      42
      49
      42
      31
      41
      51
      44
      26
      26
      35
      27
      27
      36
      33
      42
      39
      37
      31
      38
      23
      21
      40
      40
      36
      40
      39
      34
      37
      26
      44
      41
      29
      32
      29
      37
      33
      32
      31
      41
      34
      42
      46
      34
      38
      19
      31
      43
      38
      30
      38
      39
      35
      28
      27
      29
      34
      35
      25
      35
      33
      31
      42
      43
      27
      35
      33
      32
      37
      33
      42
      29
      36
      34
      31
      34
      45
      37
      39
      38
      41
      41
      27
      29
      30
      28
      43
      38
      32
      31
      43
      33
      36
      41
      36
      37
      41
      37
      34
      41
      33
      23
      27
      37
      41
      47
      28
      40
      35
      30
      32
      31
      46
      35
      46
      50
      50
      48
      39
      35
      53
      60
      59
      56
      80
      85
     102
     109
     141
     162
     166
     215
     223
     267
     247
     258
     256
     262
     266
     240
     243
     258
     251
     205
     171
     157
     136
     119
     101
      74
      66
      55
      51
      34
      29
      42
      32
      39
      43
      27
      36
      42
      24
      29
      25
      43
      33
      36
      29
      35
      37
      49
      33
      36
      40
      26
      28
      25
      31
      27
      27
      38
      35
      37
      34
      37
      35
      26
      51
      37
      27
      29
      28
      54
      32
      28
      44
      46
      31
      28
      37
      40
      40
      54
      52
      51
      41
      48
      68
      44
      42
      44
      45
      51
      41
      50
      44
      40
      39
      42
      31
      52
      36
      40
      39
      34
      34
      30
      29
      38
      24
      33
      18
      38
      39
      41
      33
      32
      23
      36
      38
      32
      33
      28
      41
      36
      35
      34
      31
      33
      33
      33
      39
      31
      30
      30
      34
      41
      31
      37
      25
      33
      41
      34
      29
      38
      20
      33
      38
      39
      38
      27
      32
      35
      32
      46
      29
      44
      35
      24
      34
      32
      40
      35
      32
      26
      27
      53
      30
      40
      34
      46
      30
      30
      32
      36
      29
      33
      35
      32
      37
      43
      36
      35
      35
      32
      27
      34
      30
      27
      31
      37
      32
      42
      28
      37
      31
      22
      24
      21
      36
      32
      45
      38
      38
      36
      34
      32
      44
      50
      44
      38
      54
      48
      61
      56
      66
      61
      73
      62
      72
      80
      93
      79
     101
      74
      78
      83
      69
      78
      74
      65
      70
      61
      52
      39
      36
      47
      45
      44
      41
      42
      35
      36
      35
      36
      36
      34
      40
      36
      32
      28
      33
      37
      37
      33
      38
      33
      28
      33
      30
      25
      38
      36
      38
      38
      39
      45
      24
      30
      30
      27
      29
      30
      30
      25
      25
      39
      27
      26
      30
      33
      40
      35
      29
      31
      27
      37
      34
      32
      31
      27
      28
      37
      39
      31
      39
      32
      29
      29
      36
      42
      30
      34
      27
      32
      28
      42
      23
      39
      27
      23
      27
      27
      36
      30
      22
      30
      26
      24
      37
      26
      28
      38
      27
      25
      31
      43
      29
      34
      23
      41
      40
      37
      33
      25
      36
      38
      30
      38
      37
      35
      33
      22
      25
      24
      34
      35
      29
      29
      33
      41
      35
      29
      31
      27
      30
      24
      26
      32
      20
      39
      30
      34
      25
      32
      21
      32
      37
      29
      38
      43
      31
      37
      35
      26
      34
      33
      30
      28
      30
      25
      19
      22
      34
      26
      24
      24
      26
      35
      38
      42
      31
      41
      25
      34
      30
      38
      29
      31
      45
      27
      36
      34
      37
      33
      38
      33
      24
      30
      30
      28
      34
      32
      37
      39
      37
      30
      34
      40
      30
      28
      39
      29
      25
      26
      29
      30
      28
      30
      26
      35
      27
      36
      30
      33
      40
      32
      32
      31
      21
      19
      35
      36
      35
      35
      33
      31
      18
      33
      31
      23
      33
      39
      34
      29
      39
      25
      48
      34
      24
      27
      19
      34
      29
      30
      32
      31
      27
      30
      34
      22
      29
      28
      23
      23
      21
      28
      25
      34
      31
      23
      35
      27
      33
      30
      33
      24
      34
      28
      23
      32
      43
      38
      38
      43
      30
      32
      30
      32
      29
      24
      22
      24
      23
      27
      38
      36
      29
      38
      28
      26
      32
      35
      28
      29
      33
      42
      32
      31
      24
      33
      32
      43
      29
      20
      33
      26
      35
      38
      35
      32
      37
      31
      27
      23
      25
      35
      26
      31
      21
      35
      39
      31
      23
      29
      38
      28
      41
      20
      31
      35
      31
      24
      33
      23
      38
      34
      28
      27
      29
      29
      27
      39
      36
      22
      28
      25
      29
      29
      26
      30
      36
      29
      31
      35
      32
      25
      26
      26
      40
      26
      22
      38
      43
      29
      25
      32
      26
      27
      34
      22
      21
      24
      27
      18
      31
      35
      24
      36
      37
      35
      23
      34
      40
      18
      32
      26
      37
      29
      31
      29
      33
      25
      40
      34
      25
      29
      28
      24
      24
      24
      37
      34
      23
      31
      25
      28
      29
      32
      32
      36
      34
      30
      29
      30
      36
      29
      37
      21
      28
      28
      25
      36
      27
      29
      32
      36
      31
      30
      38
      39
      29
      31
      25
      26
      29
      40
      23
      35
      34
      26
      36
      39
      36
      28
      26
      35
      39
      32
      32
      44
      38
      41
      40
      43
      61
      56
      49
      76
      87
     110
     108
     129
     139
     170
     151
     164
     181
     189
     207
     158
     178
     179
     177
     154
     143
     151
     145
     114
     112
     114
      94
      71
      51
      56
      45
      42
      53
      40
      28
      30
      32
      34
      35
      43
      39
      29
      39
      43
      47
      39
      51
      49
      49
      54
      62
      57
      50
      52
      61
      53
      62
      57
      57
      42
      40
      36
      62
      34
      39
      40
      34
      30
      32
      28
      37
      29
      33
      33
      25
      26
      28
      38
      27
      34
      37
      27
      29
      28
      28
      35
      26
      24
      35
      21
      31
      26
      30
      30
      39
      32
      35
      31
      24
      17
      42
      37
      33
      39
      36
      37
      38
      28
      25
      34
      35
      35
      24
      32
      40
      35
      42
      48
      46
      44
      48
      48
      50
      55
      54
      76
      67
      84
      69
      78
      73
      61
      65
      71
      68
      74
      53
      63
      69
      61
      56
      58
      59
      48
      37
      45
      44
      51
      57
      43
      59
      69
      71
      79
      90
      97
     102
      78
     101
      98
     108
      92
     106
     115
      83
     108
     101
      92
      83
      81
      68
      70
      59
      56
      48
      45
      46
      43
      36
      48
      25
      37
      42
      40
      26
      27
      37
      31
      31
      36
      34
      28
      34
      37
      26
      37
      31
      33
      36
      36
      22
      33
      29
      23
      42
      39
      36
      29
      37
      23
      27
      42
      28
      27
      25
      37
      35
      35
      32
      31
      25
      28
      37
      32
      24
      20
      45
      33
      21
      29
      34
      21
      22
      29
      24
      30
      34
      31
      37
      47
      25
      31
      40
      34
      35
      32
      40
      39
      34
      39
      43
      39
      40
      32
      25
      42
      25
      45
      36
      29
      28
      32
      38
      39
      33
      38
      22
      38
      31
      21
      31
      31
      26
      35
      25
      29
      37
      34
      21
      39
      30
      36
      25
      34
      28
      38
      37
      23
      21
      29
      36
      31
      27
      35
      34
      24
      29
      28
      28
      38
      47
      25
      30
      34
      24
      40
      37
      26
      22
      45
      24
      23
      44
      26
      33
      15
      33
      30
      20
      36
      29
      20
      25
      32
      36
      33
      37
      20
      43
      29
      41
      32
      35
      33
      28
      27
      24
      29
      38
      36
      39
      22
      33
      43
      39
      29
      31
      33
      32
      32
      26
      32
      30
      39
      32
      22
      23
      45
      28
      28
      23
      33
      41
      34
      34
      33
      26
      36
      32
      23
      29
      25
      31
      28
      35
      36
      24
      41
      26
      25
      41
      30
      33
      33
      22
      24
      35
      22
      33
      29
      22
      31
      23
      43
      32
      29
      31
      41
      24
      30
      33
      26
      33
      39
      38
      34
      38
      32
      27
      28
      44
      41
      39
      42
      43
      44
      37
      45
      32
      46
      38
      41
      47
      51
      52
      38
      37
      33
      34
      34
      35
      39
      36
      28
      36
      31
      34
      30
      32
      35
      38
      45
      30
      25
      24
      41
      33
      32
      44
      30
      29
      34
      26
      35
      26
      24
      27
      32
      30
      43
      32
      38
      33
      39
      19
      50
      32
      23
      27
      35
      32
      31
      35
      26
      26
      32
      33
      22
      38
      35
      29
      39
      39
      37
      32
      35
      28
      29
      33
      28
      34
      16
      37
      41
      29
      41
      32
      27
      30
      25
      38
      33
      36
      36
      49
      36
      43
      32
      38
      36
      37
      24
      33
      36
      38
      32
      35
      41
      46
      27
      28
      35
      29
      39
      27
      29
      31
      37
      42
      34
      35
      28
      28
      33
      34
      38
      29
      33
      26
      36
      18
      36
      22
      38
      32
      28
      24
      35
      36
      29
      30
      32
      37
      25
      35
      30
      31
      32
      29
      31
      37
      35
      38
      38
      39
      30
      36
      33
      29
      30
      36
      37
      48
      26
      39
      32
      36
      32
      41
      37
      28
      38
      35
      28
      38
      37
      41
      40
      31
      36
      40
      34
      36
      24
      48
      35
      28
      24
      37
      37
      35
      37
      29
      38
      44
      38
      38
      41
      43
      35
      27
      40
      34
      29
      35
      40
      35
      36
      30
      44
      32
      31
      44
      32
      32
      36
      47
      34
      44
      20
      38
      59
      42
      45
      54
      48
      45
      59
      48
      45
      65
      75
      72
      74
      93
      81
      72
      90
     105
     103
      94
      89
      88
      99
      88
      97
      83
      72
      85
      78
      65
      67
      67
      66
      48
      48
      36
      48
      34
      42
      32
      25
      35
      32
      46
      34
      33
      28
      33
      32
      33
      28
      36
      37
      43
      30
      29
      34
      38
      29
      30
      32
      34
      31
      40
      30
      40
      31
      38
      25
      28
      31
      37
      31
      42
      28
      28
      25
      25
      35
      39
      50
      38
      28
      41
      38
      45
      37
      28
      25
      26
      40
      30
      28
      36
      30
      32
      35
      35
      30
      37
      23
      30
      36
      34
      25
      38
      39
      35
      39
      37
      39
      43
      26
      46
      36
      43
      32
      39
      35
      26
      34
      28
      31
      25
      33
      38
      34
      30
      33
      36
      36
      31
      33
      33
      36
      29
      29
      29
      37
      40
      24
      30
      37
      41
      31
      31
      30
      39
      34
      38
      43
      35
      29
      45
      58
      50
      38
      47
      48
      46
      44
      54
      41
      36
      42
      40
      42
      39
      33
      39
      49
      43
      47
      44
      32
      47
      46
      48
      46
      31
      41
      45
      42
      29
      44
      40
      40
      37
      30
      37
      36
      30
      36
      34
      38
      27
      32
      25
      20
      33
      22
      28
      22
      32
      30
      27
      27
      34
      31
      27
      29
      25
      34
      22
      26
      21
      27
      23
      25
      26
      30
      31
      12
      29
      33
      31
      28
      28
      29
      29
      23
      30
      23
      26
      18
      32
      19
      28
      26
      21
      12
      27
      20
      23
      20
      29
      24
      23
      26
      17
      16
      20
      27
      26
      28
      22
      30
      21
      18
      25
      31
      18
      32
      23
      23
      21
      16
      24
      23
      23
      31
      24
      19
      26
      18
      18
      18
      26
      11
      27
      27
      18
      20
      21
      18
      24
      20
      21
      29
      24
      28
      27
      18
      28
      22
      29
      17
      20
      28
      28
      19
      25
      25
      21
      29
      32
      22
      26
      23
      24
      23
      26
      23
      28
      18
      17
      18
      17
      24
      24
      18
      23
      22
      20
      17
      22
      27
      10
      20
      19
      18
      22
      29
      28
      25
      18
      24
      27
      25
      21
      21
      24
      18
      18
      21
      24
      25
      24
      22
      23
      25
      23
      30
      27
      23
      28
      30
      24
      26
      20
      25
      16
      29
      23
      18
      32
      39
      33
      30
      35
      48
      35
      45
      41
      41
      40
      44
      49
      47
      46
      49
      33
      46
      38
      38
      37
      35
      40
      36
      22
      31
      29
      34
      26
      27
      19
      26
      25
      13
      23
      24
      30
      28
      18
      14
      12
      20
      28
      13
      24
      26
      27
      29
      32
      23
      22
      28
      27
      25
      28
      19
      21
      30
      20
      25
      28
      24
      35
      28
      38
      31
      26
      20
      28
      40
      26
      25
      32
      26
      30
      32
      31
      28
      29
      25
      28
      29
      27
      28
      34
      36
      27
      29
      25
      20
      25
      30
      27
      26
      23
      21
      25
      31
      28
      29
      23
      19
      23
      26
      18
      17
      19
      24
      16
      16
      24
      24
      20
      21
      27
      22
      13
      16
      17
      23
      23
      21
      15
      20
      19
      28
      16
      27
      17
      19
      23
      16
      21
      16
      18
      13
      24
      21
      22
      25
      16
      15
      24
      20
      16
      13
      18
      19
      20
      13
      17
      18
      13
      18
      13
      17
      15
      16
      19
      18
      18
      20
      10
      20
      21
      18
      20
      22
      23
      14
      23
      22
      23
      15
      20
      17
      16
      21
      20
      21
      19
      17
      17
      23
      18
      20
      16
      15
      16
      16
      19
      23
      25
      19
      19
      17
      23
      15
      10
      18
      12
      17
      17
      22
      17
      16
      15
      23
      15
      23
      17
      11
       9
      17
      13
      17
      13
      12
      14
      16
      20
      22
      14
      14
      10
      17
       9
      14
      19
       8
      15
      14
      12
      14
      13
      12
      12
      24
      19
      12
      18
      19
       7
      17
      22
      16
      19
      14
      26
       9
      13
      14
      18
      18
      13
      16
      12
      22
      16
      11
       9
      11
      14
      19
      10
      20
      10
      15
      12
      17
      26
      13
       9
      17
      14
      16
      13
      14
      15
      17
       9
      14
      16
      10
      12
      11
      13
       9
      10
      11
      15
      17
      11
      15
      12
       8
      13
      16
      16
      16
      10
      13
      12
       9
      12
      16
      14
      20
      12
      11
      12
      11
       9
      10
      14
      10
      19
      11
      14
      14
      15
      11
      14
      16
      10
      12
      18
      16
      12
      18
      15
      13
      11
      13
       9
      11
       8
      11
      15
      10
      17
      17
      10
      13
      10
      12
      19
      11
      17
      15
      17
      14
       8
       8
      12
      15
      14
      14
      14
      12
      21
      15
       3
      11
      11
      17
     101
     174
     207
     199
     210
     210
     227
     204
     198
     182
     183
     205
     208
     202
     219
     210
     232
     196
     204
     209
     210
     212
     186
     226
     194
     201
     236
     228
     212
     212
     223
     216
     178
     192
     212
     156
     211
     204
     193
     169
     207
     184
     195
     195
     188
     204
     185
     186
     182
     203
     179
     175
     201
     205
     188
     162
     169
     197
     198
     198
     189
     177
     179
     203
     163
     181
     173
     191
     156
     198
     198
     210
     183
     174
     192
     181
     180
     189
     178
     171
     169
     168
     191
     180
     163
     168
     177
     167
     148
     168
     187
     178
     159
     176
     191
     170
     176
     181
     168
     152
     188
     162
     167
     159
     165
     194
     178
     195
     187
     158
     183
     163
     182
     171
     187
     178
     155
     165
     161
     198
     192
     171
     193
     166
     188
     158
     174
     173
     201
     164
     183
     183
     181
     176
     182
     187
     166
     178
     181
     174
     173
     181
     195
     193
     182
     189
     147
     169
     172
     180
     190
     161
     190
     163
     168
     174
     192
     181
     175
     176
     186
     156
     185
     151
     179
     162
     177
     161
     185
     216
     156
     171
     170
     176
     191
     173
     168
     180
     168
     179
     179
     157
     185
     155
      90
$ROI:
0
$PRESETS:
None
0
0
$ENER_FIT:
0.000000 0.394110
$MCA_CAL:
3
0.000000E+000 3.941100E-001 0.000000E+000 keV
$SHAPE_CAL:
3
0.000000E+000 0.000000E+000 0.000000E+000
