-4.991304347128412337e+05 2.039659778044401184e-01 -2.138924361861268553e-01
-4.973913042783017154e+05 7.277040000630918826e-02 2.478745868875537883e-01
-4.956521738437621971e+05 -1.133803929011406308e-01 2.279487767742925941e-01
-4.939130434092226787e+05 -1.103005409451807139e-02 -2.395452632470875809e-01
-4.921739129746831604e+05 2.791004532113831593e-01 6.391188941238631904e-02
-4.904347825401436421e+05 -4.950943013206830778e-02 1.219526325250530618e-02
-4.886956521056041238e+05 -4.320117157272603814e-01 -1.235457676635809687e-01
-4.869565216710646055e+05 2.051247356427319257e-01 -1.945679937577851071e-01
-4.852173912365250872e+05 -2.531874247689814839e-01 -1.070036486082829308e-01
-4.834782608019855688e+05 2.514205798828296201e-01 -1.331081127048578949e-01
-4.817391303674460505e+05 2.719181587703663472e-01 2.142374765304301820e-01
-4.799999999329065322e+05 6.031743099849357082e-02 -4.370151672121405650e-01
-4.782608694983670139e+05 2.561435972275370732e-02 -2.527243549849262361e-01
-4.765217390638274956e+05 -3.245977917378584099e-02 -5.684196633996532744e-02
-4.747826086292879772e+05 2.729412790737956174e-02 -1.269444180949877987e-01
-4.730434781947485171e+05 -1.075375336981590768e-01 1.051913757934401783e-01
-4.713043477602089988e+05 -1.356687141865663415e-01 1.959492865151260255e-01
-4.695652173256694805e+05 -1.313896024489994707e-01 -1.212025479624563862e-01
-4.678260868911299622e+05 -1.295000500958220502e-01 -5.089184306318761397e-02
-4.660869564565904438e+05 -1.068727706058128502e-02 8.689521923246795732e-02
-4.643478260220509255e+05 -6.866118611034899288e-02 -8.026230019371030644e-02
-4.626086955875114072e+05 -7.893326336530059884e-02 -3.486373612285177392e-01
-4.608695651529718889e+05 1.392579807581393880e-01 -2.438174840525620946e-01
-4.591304347184323706e+05 -1.326017571743339230e-01 1.595008283979509334e-01
-4.573913042838928523e+05 -3.464901495309002377e-01 -4.620553593683167648e-01
-4.556521738493533339e+05 2.254525123912674844e-01 1.863947381444952534e-01
-4.539130434148138156e+05 -2.526830983151085452e-01 5.674934002860744231e-01
-4.521739129802742973e+05 2.228979484923278021e-01 1.296135046808624403e-01
-4.504347825457347790e+05 2.553659616046929925e-02 1.225266870696545829e-01
-4.486956521111952607e+05 7.359980584812211846e-02 1.852926347616694613e-01
-4.469565216766557423e+05 5.225682988523583372e-01 -2.397863107128076487e-01
-4.452173912421162240e+05 -8.683836368365648040e-02 5.489118845344207465e-01
-4.434782608075767057e+05 -4.517285951521275988e-01 8.661540617218749238e-02
-4.417391303730371874e+05 -8.117488202624700833e-03 7.691126641371132111e-02
-4.399999999384976691e+05 -4.308176579747191037e-01 2.048025253411112634e-01
-4.382608695039581507e+05 -6.796230883794447675e-02 1.865405573114861659e-01
-4.365217390694186324e+05 -4.798000755459305711e-02 -1.410304459672505062e-01
-4.347826086348791141e+05 -1.319398520979229300e-02 -2.695990197123174226e-01
-4.330434782003395958e+05 -1.193449703297894543e-01 1.552346652005464067e-01
-4.313043477658000775e+05 2.846458782200811388e-02 3.778607468583589091e-02
-4.295652173312605591e+05 6.774334635688656903e-01 1.993929579200190427e-01
-4.278260868967210408e+05 -2.517053201916782390e-01 -1.964224316133399428e-01
-4.260869564621815225e+05 -3.277904605189213560e-01 -7.748541311604018045e-02
-4.243478260276420042e+05 2.248995399976694287e-01 2.649171408654649174e-01
-4.226086955931024859e+05 4.612490630211352194e-02 -9.276933064202286250e-02
-4.208695651585629676e+05 2.898311969011042044e-01 3.287404049496782665e-01
-4.191304347240234492e+05 4.561392582747412772e-01 8.113250993358400720e-02
-4.173913042894839309e+05 3.338043509666412390e-01 2.661173203495494910e-01
-4.156521738549444708e+05 2.386880212205553242e-01 4.523342398683738441e-01
-4.139130434204049525e+05 -1.026625077727529173e-01 -1.159841482139369884e-01
-4.121739129858654342e+05 2.547939758237113272e-01 3.154795461277364321e-01
-4.104347825513259158e+05 -1.452324382374660938e-01 1.457825015411065017e-01
-4.086956521167863975e+05 1.362054119622859161e-01 1.607916304653884687e-01
-4.069565216822468792e+05 1.501689053391617734e-01 4.340100117930756340e-02
-4.052173912477073609e+05 -3.499021899797721824e-01 4.714898193003476123e-01
-4.034782608131678426e+05 -1.935730907622001951e-02 2.402934571742703085e-01
-4.017391303786283243e+05 -1.169682418545860969e-01 2.782232502811110564e-02
-3.999999999440888059e+05 2.609531677976500430e-01 -3.100320966275525725e-02
-3.982608695095492876e+05 -1.366719779358795406e-01 -5.106830490016783797e-03
-3.965217390750097693e+05 3.202025416555856485e-01 1.340523213417524895e-01
-3.947826086404702510e+05 1.120768618845819076e-01 7.534572943503506925e-01
-3.930434782059307327e+05 1.913462330539794087e-01 5.363160439474751184e-01
-3.913043477713912143e+05 1.767027910788183664e-01 1.191660404016986474e-01
-3.895652173368516960e+05 -4.396282347019764281e-02 3.785951967293603171e-01
-3.878260869023121777e+05 2.267813045160986807e-01 -4.739567461919587110e-01
-3.860869564677726594e+05 -1.566671159319545370e-01 1.793737704486021156e-01
-3.843478260332331411e+05 3.221719526668114231e-01 1.438886423300277939e-01
-3.826086955986936227e+05 5.321734848564845244e-01 2.030861880461641844e-01
-3.808695651641541044e+05 -1.688187742690015758e-01 3.875602130516976329e-01
-3.791304347296145861e+05 -6.078488210201626885e-02 1.371258546606239914e-01
-3.773913042950750678e+05 3.570460130390314402e-01 1.772526765611542321e-01
-3.756521738605355495e+05 -4.240422620202982662e-01 4.617984294368873699e-01
-3.739130434259960311e+05 2.527829725552453999e-01 3.442335868412831901e-01
-3.721739129914565128e+05 -2.967633762174258782e-01 -1.524942422875903425e-01
-3.704347825569169945e+05 -2.799417547035037979e-01 -9.343757576897750161e-02
-3.686956521223774762e+05 2.049882576928409583e-01 2.042772271714357601e-01
-3.669565216878379579e+05 -2.656717051752368053e-01 -1.167640390632502800e-01
-3.652173912532984396e+05 -1.552578955424373519e-01 -4.527115724877989189e-02
-3.634782608187589212e+05 2.138428273353548681e-01 1.505186994819339708e-01
-3.617391303842194611e+05 4.517598844639973688e-02 1.022000939375199979e-01
-3.599999999496799428e+05 -1.605228975463622865e-01 -1.374096786176562390e-01
-3.582608695151404245e+05 -1.300536029156432183e-03 -1.701023974167157615e-01
-3.565217390806009062e+05 -4.385495298741326486e-02 -1.674802416849077158e-01
-3.547826086460613878e+05 1.305337179140680925e-01 2.170274077346671104e-01
-3.530434782115218695e+05 2.204142080455330222e-01 6.361213314024610765e-02
-3.513043477769823512e+05 -6.371453577333879847e-02 -1.560836067182677367e-01
-3.495652173424428329e+05 1.439565638337790554e-01 5.737649292431676873e-01
-3.478260869079033146e+05 1.018462420001867152e-01 1.057322691853629371e-02
-3.460869564733637962e+05 -2.343282723745485907e-01 2.888352027603555694e-01
-3.443478260388242779e+05 1.849511716297698727e-01 2.637863696368616395e-01
-3.426086956042847596e+05 -2.843062224029009599e-02 5.134736745439074657e-01
-3.408695651697452413e+05 1.634630091043427769e-01 5.486705534532649864e-01
-3.391304347352057230e+05 1.660544260762525370e-01 1.536587908908775280e-01
-3.373913043006662047e+05 6.523380951553431339e-02 9.327395691244022569e-02
-3.356521738661266863e+05 -8.764746100430789721e-02 5.271190876722082752e-01
-3.339130434315871680e+05 -1.328986751244009001e-01 1.581062519735224603e-01
-3.321739129970476497e+05 -2.645062993749952573e-01 1.778950745255434285e-01
-3.304347825625081314e+05 1.258712346155382300e-01 -3.016637974405548817e-01
-3.286956521279686131e+05 2.366156048965354086e-01 -2.936699206901721704e-02
-3.269565216934290947e+05 2.065925608470444708e-01 1.994648519519964247e-01
-3.252173912588895764e+05 -1.509208699099331419e-01 1.070464957331574984e-01
-3.234782608243500581e+05 -1.672051324738210165e-01 4.943994831876021845e-01
-3.217391303898105398e+05 -1.833928096824494203e-02 1.106787154207787838e-01
-3.199999999552710215e+05 -2.609515773996891053e-01 6.363245941641288983e-01
-3.182608695207315031e+05 4.395735234379234413e-01 5.583605920885910123e-01
-3.165217390861919848e+05 1.601993618682390763e-01 1.149490172199194582e+00
-3.147826086516524665e+05 3.850559959792471121e-01 1.143522637670185693e-02
-3.130434782171129482e+05 -1.261708691050069941e-01 2.596455242068516078e-01
-3.113043477825734299e+05 -9.058689068887269824e-02 5.016721393974219456e-01
-3.095652173480339115e+05 -2.926686694580366566e-01 4.749225976376456049e-01
-3.078260869134943932e+05 -2.133764516540430367e-01 6.767467062727698934e-01
-3.060869564789548749e+05 -7.427452951805366688e-01 -4.244704110683705789e-02
-3.043478260444154148e+05 -3.507704705028726055e-02 3.896637693527632562e-01
-3.026086956098758965e+05 -3.788460900289200017e-01 4.642167197675012291e-01
-3.008695651753363782e+05 1.808385425028278398e-02 2.206988879738277232e-01
-2.991304347407968598e+05 -1.357928591874416890e-01 9.191349401106524430e-01
-2.973913043062573415e+05 1.581956941079495360e-01 -5.530307399196857099e-02
-2.956521738717178232e+05 7.340553626067700121e-02 4.797480169066815625e-01
-2.939130434371783049e+05 4.642690008701524373e-01 7.330685933440366231e-01
-2.921739130026387866e+05 7.097884128663317638e-02 5.408620253182880311e-02
-2.904347825680992682e+05 -1.133056155546505878e-01 2.953877584229194220e-01
-2.886956521335597499e+05 -3.009916923422808477e-01 -4.114240336982352697e-02
-2.869565216990202316e+05 -2.525260301356649362e-01 5.552044532138045163e-01
-2.852173912644807133e+05 4.540282717437038595e-02 5.931553329254718454e-01
-2.834782608299411950e+05 -3.995741872650740989e-01 7.007887426181678148e-01
-2.817391303954016767e+05 -4.557101255495947523e-02 2.965628987999918142e-01
-2.799999999608621583e+05 -1.871051782069408642e-01 4.978672694633891616e-01
-2.782608695263226400e+05 -1.758354601445103471e-01 -3.454940307974207481e-01
-2.765217390917831217e+05 3.129510717769288242e-01 -1.718493009813232553e-01
-2.747826086572436034e+05 -2.551283288978594688e-01 9.633930044509476653e-01
-2.730434782227040851e+05 -3.612309856908607619e-01 3.582647156595277771e-01
-2.713043477881645667e+05 3.565707217420379660e-01 1.135955054167146205e-01
-2.695652173536250484e+05 1.378351244365589034e-01 3.707281482835376729e-01
-2.678260869190855301e+05 2.308271591223642338e-01 3.603764689073385985e-01
-2.660869564845460118e+05 -3.011990458270814575e-01 3.654531891118915632e-01
-2.643478260500064935e+05 -4.290634146459996329e-02 2.594958717442079621e-01
-2.626086956154669751e+05 4.235857715014777064e-02 1.153584910247842099e-01
-2.608695651809274859e+05 2.707088034314205083e-01 5.367182233237116629e-01
-2.591304347463879676e+05 3.149339341653327740e-01 1.879426084063913482e-02
-2.573913043118484493e+05 7.609562698581079365e-02 6.092063506457374711e-01
-2.556521738773089310e+05 -4.344179713080095206e-01 4.129333053864400194e-01
-2.539130434427694126e+05 1.717268131981569690e-02 3.395423072902491457e-01
-2.521739130082298943e+05 3.346373173294484582e-01 3.140663322267385205e-01
-2.504347825736903760e+05 -5.200626262629397256e-02 5.239188645853065651e-01
-2.486956521391508577e+05 -7.787958312168893893e-02 3.340777954803006988e-01
-2.469565217046113394e+05 -2.399332680429152875e-01 1.735584094828909185e-01
-2.452173912700718211e+05 -8.892803447869808420e-02 5.252150862923707919e-01
-2.434782608355323027e+05 -2.427054091778010902e-02 6.838167367159810883e-01
-2.417391304009927844e+05 7.352288710780152670e-02 4.883203655440931379e-01
-2.399999999664532661e+05 -4.419178922338611870e-01 8.383265985117385188e-01
-2.382608695319137478e+05 -1.945312637015663149e-01 8.199500932183168000e-01
-2.365217390973742586e+05 5.055375269790152171e-02 1.393939371122427384e-01
-2.347826086628347402e+05 -6.538197236447984562e-02 4.935174166250715921e-01
-2.330434782282952219e+05 -2.354964194698015711e-02 6.550535406853060794e-01
-2.313043477937557036e+05 -5.319338217747503483e-01 5.322358454144693329e-01
-2.295652173592161853e+05 -1.379721351412449004e-01 7.274477577050322274e-01
-2.278260869246766670e+05 -9.030640523388916430e-02 3.460065142384606274e-01
-2.260869564901371486e+05 -1.316983867338529790e-01 2.409459876371783382e-01
-2.243478260555976303e+05 8.927106826997142919e-02 8.899347214823509766e-01
-2.226086956210581120e+05 -2.106148838536900936e-01 4.937061194806632303e-01
-2.208695651865185937e+05 2.462510306876014021e-01 6.818445490919500251e-02
-2.191304347519790754e+05 -2.229123322090608705e-01 2.484669123655094403e-01
-2.173913043174395571e+05 6.426787173001895503e-01 1.262751290035604157e-01
-2.156521738829000387e+05 -2.328767325251029918e-02 5.567858284250950529e-01
-2.139130434483605204e+05 1.984121562791032467e-01 4.690327197408226123e-01
-2.121739130138210021e+05 -2.881887974836336297e-02 4.229013765239499900e-01
-2.104347825792814838e+05 3.759274958634514774e-02 1.657779982781071304e-01
-2.086956521447419655e+05 -4.460535906828703989e-02 5.865148148057515165e-01
-2.069565217102024762e+05 1.531271557007158890e-01 -3.725507227003088673e-02
-2.052173912756629579e+05 3.501532302632700544e-01 3.480517420625153235e-01
-2.034782608411234396e+05 -2.275183735659034312e-01 8.018177978909131198e-01
-2.017391304065839213e+05 -2.541610544943839756e-01 4.101194259295044553e-01
-1.999999999720444030e+05 -1.099648402981798362e-01 3.970569697013999755e-01
-1.982608695375048846e+05 -3.029521314939521148e-01 4.184745833149974836e-01
-1.965217391029653663e+05 3.709471374330797766e-01 1.077641467111138507e+00
-1.947826086684258480e+05 1.056990710571872882e-01 3.023852609791799484e-01
-1.930434782338863297e+05 -3.019107457181765541e-01 9.760437386209573907e-01
-1.913043477993468114e+05 2.361096054427593016e-01 5.331938469966254202e-01
-1.895652173648072931e+05 -7.141981417407359256e-01 6.668750419284888986e-01
-1.878260869302677747e+05 3.991584939991074110e-01 9.619122427265536235e-01
-1.860869564957282564e+05 -4.252727743893763845e-03 1.891868215890238902e-01
-1.843478260611887381e+05 -2.319026175788748700e-01 6.273494443239555629e-01
-1.826086956266492198e+05 -3.060543414093591652e-01 3.456681638592504768e-01
-1.808695651921097306e+05 -2.154619461922339663e-01 7.071513750514903940e-01
-1.791304347575702122e+05 -2.773457896304868942e-01 1.225254494987099152e+00
-1.773913043230306939e+05 7.774883997020682891e-01 3.831726570769995455e-01
-1.756521738884911756e+05 6.255100998661535794e-01 5.991377806171147569e-01
-1.739130434539516573e+05 2.547359554617775745e-01 7.069725835909338452e-01
-1.721739130194121390e+05 1.445247763381637962e-01 9.548413670355572203e-01
-1.704347825848726206e+05 1.194809063896621892e-01 3.732165683097721787e-01
-1.686956521503331023e+05 -4.670058386908117476e-01 9.153111792467023555e-01
-1.669565217157935840e+05 -4.616774936292264431e-02 5.676711708328734396e-01
-1.652173912812540657e+05 6.629521082760083672e-01 8.804019711465195241e-01
-1.634782608467145474e+05 -2.235177743227106939e-01 7.942558321325481341e-01
-1.617391304121750291e+05 2.185133660949414858e-02 7.365082781478811125e-01
-1.599999999776355107e+05 2.518022035321823004e-01 4.736842724044134645e-01
-1.582608695430959924e+05 -1.489087523259530477e-01 5.377735338036567780e-01
-1.565217391085564741e+05 -5.427513217208485008e-02 7.383182978100335525e-01
-1.547826086740169558e+05 -2.668258441256203817e-01 1.267254555384719206e-01
-1.530434782394774375e+05 3.198580658581077762e-01 7.200448843479962946e-01
-1.513043478049379482e+05 2.428930698337053995e-01 6.208884146066721010e-01
-1.495652173703984299e+05 6.277055393593256039e-02 6.333784279841243592e-01
-1.478260869358589116e+05 4.218210605031073035e-01 2.448882516024115941e-01
-1.460869565013193933e+05 8.041293320065348582e-02 9.797422773871717894e-01
-1.443478260667798750e+05 -6.992043350284552483e-01 6.045344935501644201e-01
-1.426086956322403566e+05 -3.899682812994569314e-01 1.242461690880804603e+00
-1.408695651977008383e+05 -7.133936294596258110e-01 8.487045183018131489e-01
-1.391304347631613200e+05 4.128673911778453776e-01 1.780238078674820368e-01
-1.373913043286218017e+05 -1.119653881541818191e-01 8.144755720466914095e-01
-1.356521738940822834e+05 1.824187958224676165e-01 1.028140785300739157e+00
-1.339130434595427650e+05 -2.106783262495048881e-01 1.461717432597416488e+00
-1.321739130250032467e+05 -1.075722871410762366e-01 8.357699864230925257e-01
-1.304347825904637430e+05 -8.566586322717067992e-01 8.060203369971401521e-01
-1.286956521559242246e+05 -2.406090434179204984e-01 1.067340958629982683e+00
-1.269565217213847063e+05 -3.802960147344827124e-01 6.653700232672952186e-01
-1.252173912868451880e+05 4.987510614964266870e-02 8.527071589878350011e-01
-1.234782608523056697e+05 -7.149639247859924940e-02 3.932992470255850526e-01
-1.217391304177661514e+05 4.251186391817567967e-01 1.127260479992206577e+00
-1.199999999832266330e+05 1.368503857458125972e-01 6.671188562807133238e-01
-1.182608695486871293e+05 1.435579761275651012e-01 1.284073871634366704e+00
-1.165217391141476110e+05 3.398303503107321655e-01 1.043083365137380536e+00
-1.147826086796080926e+05 3.613292882398034811e-01 9.534328506067291098e-01
-1.130434782450685743e+05 1.175936105573687634e-01 7.078376961033502335e-01
-1.113043478105290560e+05 -2.992801841431710907e-01 1.039828727771828998e+00
-1.095652173759895377e+05 4.425441153487272988e-02 6.724942060997788351e-01
-1.078260869414500194e+05 4.320022775711501728e-01 7.915501863940060945e-01
-1.060869565069105010e+05 -5.584904364151944967e-02 1.505357567947664510e+00
-1.043478260723709827e+05 -3.436493517414385135e-01 1.288593021415918471e+00
-1.026086956378314790e+05 -7.407555386502673311e-02 8.055410226592985001e-01
-1.008695652032919606e+05 -5.681826432413769057e-01 6.416068126364034008e-01
-9.913043476875244232e+04 -1.679149806941925283e-01 1.244303161381820066e+00
-9.739130433421292400e+04 1.793465838841328819e-01 1.168958886325403235e+00
-9.565217389967340569e+04 1.579506517022122303e-01 1.202867984355962871e+00
-9.391304346513388737e+04 -7.281865555983710325e-02 1.228191841551389274e+00
-9.217391303059436905e+04 -9.163831211557447176e-01 1.660226926689734261e+00
-9.043478259605486528e+04 9.123659631879260656e-02 1.436141011919365384e+00
-8.869565216151534696e+04 -3.903335556325182587e-02 1.031350285066429340e+00
-8.695652172697582864e+04 -2.663199305405116180e-01 1.162061034100884127e+00
-8.521739129243631032e+04 -5.566084162438823535e-01 1.258027527440048310e+00
-8.347826085789679200e+04 2.670405436063968962e-02 1.574315592513700235e+00
-8.173913042335727368e+04 -2.090335506418419531e-01 1.106974173374039250e+00
-7.999999998881775537e+04 2.520148817062371482e-01 1.337973154667631004e+00
-7.826086955427823705e+04 2.744530695370935858e-01 8.612478083026167130e-01
-7.652173911973871873e+04 -4.302285145534898714e-01 1.870448817755848925e+00
-7.478260868519921496e+04 -1.771597093329133898e-01 1.447605716229578565e+00
-7.304347825065969664e+04 -7.366930704241483330e-01 2.071750363504534675e+00
-7.130434781612017832e+04 -9.680493900339173785e-02 1.499550675941512257e+00
-6.956521738158066000e+04 3.671855107340203928e-01 1.897750965472388085e+00
-6.782608694704114168e+04 5.507991280530275535e-01 1.689383309524662646e+00
-6.608695651250162337e+04 -1.856428369243063314e-01 1.650900809140343650e+00
-6.434782607796211232e+04 -1.306973885591614370e-01 1.537964656358991267e+00
-6.260869564342259400e+04 -1.343805210045774870e-02 1.335919127886305624e+00
-6.086956520888307568e+04 6.201140317630748910e-01 1.749980710748262336e+00
-5.913043477434356464e+04 -5.097570591968998421e-01 1.348809766218958872e+00
-5.739130433980404632e+04 5.349310233803356018e-01 1.771381428131777014e+00
-5.565217390526452800e+04 2.858748966328571450e-01 2.166286545477846381e+00
-5.391304347072500968e+04 -4.103720027356045907e-01 2.385339463198022703e+00
-5.217391303618549136e+04 5.498547862570676292e-01 2.464864163368553740e+00
-5.043478260164598032e+04 9.419845556782208140e-02 1.812131254266647451e+00
-4.869565216710646200e+04 8.956577132847699796e-02 1.783647277674205389e+00
-4.695652173256694368e+04 -1.672257107090162620e-01 2.623370695403869579e+00
-4.521739129802743264e+04 1.116653869654466724e-01 2.145424351953812980e+00
-4.347826086348791432e+04 -3.298155847792266226e-01 2.548853327903850108e+00
-4.173913042894839600e+04 -4.164551986978927145e-01 2.809351873415933731e+00
-3.999999999440887768e+04 -1.118547454863985102e-01 2.481745880989535635e+00
-3.826086955986935936e+04 1.030552383575930042e-01 2.453665741937460787e+00
-3.652173912532984832e+04 -1.052819373424657146e-01 3.341510693067160531e+00
-3.478260869079033000e+04 -6.278454095770527599e-02 3.500601499232849356e+00
-3.304347825625081168e+04 8.968447314267422033e-03 3.182115206432955645e+00
-3.130434782171129700e+04 -1.119082482026058922e-01 4.203189541964331255e+00
-2.956521738717178232e+04 -1.308951176931111293e-01 3.408271729684980933e+00
-2.782608695263226400e+04 -1.271875097010700673e-01 3.984514273169314613e+00
-2.608695651809274568e+04 -3.056147930856024653e-01 4.781508100492324331e+00
-2.434782608355323100e+04 2.494781235285995491e-01 4.923747082041844969e+00
-2.260869564901371632e+04 -8.059342823316568705e-01 4.885999079313435800e+00
-2.086956521447419800e+04 -2.866118342970328525e-01 5.700779458323377291e+00
-1.913043477993467968e+04 -8.474338811368169189e-02 5.732223443696290666e+00
-1.739130434539516500e+04 2.616762924809415414e-01 6.726075399249205944e+00
-1.565217391085564850e+04 -8.108357048508514353e-01 7.182782683393400092e+00
-1.391304347631613200e+04 -6.470809223850556569e-01 8.305037155287354977e+00
-1.217391304177661550e+04 -8.152054954473499926e-01 1.031604736909489439e+01
-1.043478260723709900e+04 1.094822265110346082e+00 1.247670039454114743e+01
-8.695652172697582500e+03 6.520960307551536550e-01 1.289600157624140664e+01
-6.956521738158066000e+03 4.509705579738489956e-01 1.661692824996686824e+01
-5.217391303618549500e+03 4.527076234036572444e+00 3.001334477478404494e+01
-3.478260869079033000e+03 2.311637182820896186e+01 2.749539399977658150e+01
-1.739130434539516500e+03 3.186560321153814357e+01 1.720603649658531253e+01
0.000000000000000000e+00 3.312235179857181322e+01 8.515465726536071145e+00
1.739130434539516500e+03 3.460949405281717617e+01 -2.174847250625787431e+00
3.478260869079033000e+03 3.318173592312308529e+01 -1.021575163850482149e+01
5.217391303618549500e+03 2.783606784264446787e+01 -1.853040267120496054e+01
6.956521738158066000e+03 1.978401453982001712e+01 -2.573540569821968660e+01
8.695652172697582500e+03 1.394404752393169078e+00 -2.614281824928435327e+01
1.043478260723709900e+04 5.975737097783504481e-01 -1.638246536702272493e+01
1.217391304177661550e+04 3.284482407694594430e-01 -1.234882990342935116e+01
1.391304347631613200e+04 2.711472338603508336e-01 -1.058428565079432815e+01
1.565217391085564850e+04 -2.097585425865731434e-01 -8.754423699596895148e+00
1.739130434539516500e+04 3.012731736254697923e-01 -8.005649292396606498e+00
1.913043477993467968e+04 -3.874923969330350548e-01 -7.142298401969014776e+00
2.086956521447419800e+04 6.038460600622033159e-01 -6.343190815405987948e+00
2.260869564901371632e+04 -1.156947885243266305e-01 -5.499209800204910792e+00
2.434782608355323100e+04 -1.489486005541840186e-01 -5.768550154054279844e+00
2.608695651809274568e+04 -1.413426036341626224e-01 -4.833723301032937236e+00
2.782608695263226400e+04 1.555820206134678196e-02 -4.601181827145891745e+00
2.956521738717178232e+04 -4.112571829097479842e-02 -4.178387668587797421e+00
3.130434782171129700e+04 7.978665534252725733e-01 -4.005097974833939922e+00
3.304347825625081168e+04 9.384470743742601151e-02 -3.969633976985158519e+00
3.478260869079033000e+04 7.957291811052841224e-01 -3.662812226461422238e+00
3.652173912532984832e+04 -8.673855388656026566e-02 -3.314233154616444743e+00
3.826086955986935936e+04 1.165744128575713079e-01 -2.992893184527595007e+00
3.999999999440887768e+04 3.408360563903248819e-01 -2.492847648064322463e+00
4.173913042894839600e+04 -3.771626735671068653e-02 -3.225816329149948203e+00
4.347826086348791432e+04 -3.247922916698210982e-01 -2.326421581104937353e+00
4.521739129802743264e+04 -1.326610667456088188e-01 -2.431785605720512056e+00
4.695652173256694368e+04 3.157813235853448308e-01 -2.604533682203725498e+00
4.869565216710646200e+04 -1.270926000568882441e-01 -2.383870737470973111e+00
5.043478260164598032e+04 -2.518489838177232487e-01 -1.727707440741691025e+00
5.217391303618549136e+04 1.076260313249263467e-01 -2.343815934261570089e+00
5.391304347072500968e+04 1.435098190056492140e-01 -2.114291914297790065e+00
5.565217390526452800e+04 4.126372241960443166e-01 -2.232916725016581783e+00
5.739130433980404632e+04 -2.858758060928575651e-01 -2.045528976909043450e+00
5.913043477434356464e+04 -2.354554168507049239e-01 -2.082325437073477392e+00
6.086956520888307568e+04 -3.583466972991484756e-01 -1.524166454273027327e+00
6.260869564342259400e+04 -4.693232588977080955e-01 -1.735210989343205501e+00
6.434782607796211232e+04 1.499234515138792578e-01 -1.910233418217880175e+00
6.608695651250162337e+04 4.931896926514423019e-01 -2.421953707849743065e+00
6.782608694704114168e+04 4.060690882690538017e-01 -1.540148080948402054e+00
6.956521738158066000e+04 4.575237263384451802e-02 -2.465875443772305609e+00
7.130434781612017832e+04 -6.069606079296696599e-02 -1.596802342812307041e+00
7.304347825065969664e+04 -4.895368383830368819e-02 -1.601969086066363790e+00
7.478260868519921496e+04 2.870269371235599776e-01 -1.150233933635588457e+00
7.652173911973871873e+04 -3.625838042235070280e-02 -1.194472469873326226e+00
7.826086955427823705e+04 2.605521217706212589e-01 -1.378296396239322430e+00
7.999999998881775537e+04 1.870683895319223411e-01 -2.057939831458369007e+00
8.173913042335727368e+04 -2.732471202817193801e-01 -1.271016086965598868e+00
8.347826085789679200e+04 -3.634452962336695014e-01 -1.708315154525573920e+00
8.521739129243631032e+04 9.274627327510007180e-02 -1.545567568000800307e+00
8.695652172697582864e+04 2.887872506743024426e-01 -1.178718627502056471e+00
8.869565216151534696e+04 -4.057946867397229096e-01 -1.146334912925641270e+00
9.043478259605486528e+04 -1.541376803454924671e-01 -1.360644378367325658e+00
9.217391303059436905e+04 -2.103762324753460089e-01 -1.424706661054111922e+00
9.391304346513388737e+04 1.291096907902454238e-01 -1.221389650977418695e+00
9.565217389967340569e+04 2.535328411091282708e-01 -1.428139650995573273e+00
9.739130433421292400e+04 -6.586259864407917330e-03 -9.578389710330450502e-01
9.913043476875244232e+04 -2.499298290163078917e-01 -1.176436640831218128e+00
1.008695652032919606e+05 -3.763615941033390255e-01 -1.524960456855831481e+00
1.026086956378314790e+05 -8.345830082043605158e-02 -1.426132093267955536e+00
1.043478260723709827e+05 -1.509533983038882921e-01 -1.092492398994180380e+00
1.060869565069105010e+05 6.306742856260448837e-01 -1.046765445000010120e+00
1.078260869414500194e+05 5.254645106969993984e-01 -1.788017769945257518e+00
1.095652173759895377e+05 2.916877241672130028e-01 -1.171222574079970435e+00
1.113043478105290560e+05 -2.640310590416958259e-02 -1.261600438206125885e+00
1.130434782450685743e+05 3.472797778265334506e-02 -8.149556626533507320e-01
1.147826086796080926e+05 2.168098608157004170e-01 -1.307753901610203329e+00
1.165217391141476110e+05 -2.000123681375635676e-01 -1.075361664366341952e+00
1.182608695486871293e+05 -2.389957545534782957e-01 -9.575535300351409873e-01
1.199999999832266330e+05 9.422025908938071181e-03 -1.039130661415725632e+00
1.217391304177661514e+05 -2.809425429734770940e-01 -7.635322968216616824e-01
1.234782608523056697e+05 2.351029305817307902e-01 -8.579778994452481600e-01
1.252173912868451880e+05 1.580989749766209540e-02 -3.265089934969060970e-01
1.269565217213847063e+05 4.439353162174716760e-02 -6.477186341013942972e-01
1.286956521559242246e+05 -1.931303153667603134e-01 -5.784000780610542014e-01
1.304347825904637430e+05 1.239554809096719556e-01 -8.595794589248892947e-01
1.321739130250032467e+05 -8.142240928824409640e-02 -8.122683270161560332e-01
1.339130434595427650e+05 3.384052036844589773e-01 -1.177781625795182974e+00
1.356521738940822834e+05 3.039938006453791752e-01 -4.886347507291560754e-01
1.373913043286218017e+05 -3.330843214345975967e-01 -1.182083107141490785e+00
1.391304347631613200e+05 4.006323653759298331e-01 -1.007227868691064510e+00
1.408695651977008383e+05 4.411468092603593183e-01 -8.398679335356795672e-01
1.426086956322403566e+05 1.688997776916735249e-01 -1.006431123774475855e+00
1.443478260667798750e+05 -4.119456680434993578e-02 -5.274296367830751953e-01
1.460869565013193933e+05 1.397269889763908535e-01 -1.077903596888594162e+00
1.478260869358589116e+05 -2.750857497616632230e-02 -3.989054050083143954e-01
1.495652173703984299e+05 -5.976780213431427680e-02 3.663766949799368566e-02
1.513043478049379482e+05 4.113109727795762893e-01 -8.672822035151530606e-01
1.530434782394774375e+05 1.379230199924084133e-01 -1.236809886441498918e+00
1.547826086740169558e+05 2.902482084796059736e-02 -8.035185295254241300e-01
1.565217391085564741e+05 1.763464773121188878e-01 -7.183146207018406004e-01
1.582608695430959924e+05 1.250755653736173034e-01 -1.002145562728759209e+00
1.599999999776355107e+05 3.236967497589905429e-01 -1.060822041108093750e+00
1.617391304121750291e+05 -4.880129961033183306e-02 -7.099226991014762067e-01
1.634782608467145474e+05 -5.396618870139934659e-02 -8.266969442987124328e-01
1.652173912812540657e+05 -3.254842381108504767e-01 -8.063220211781304547e-01
1.669565217157935840e+05 1.470309816255048196e-01 -4.949475742234340503e-01
1.686956521503331023e+05 4.417540617634225786e-01 -8.091348224711445436e-01
1.704347825848726206e+05 -1.150579785841705782e-02 -6.265815708516506710e-01
1.721739130194121390e+05 -2.083177653445875965e-01 -5.380188912214268759e-01
1.739130434539516573e+05 2.011519243430390791e-01 -8.022563954881122283e-01
1.756521738884911756e+05 -2.399295281004757419e-01 -4.928716880559513847e-01
1.773913043230306939e+05 -1.126393137358525642e-01 -1.948168152387663721e-01
1.791304347575702122e+05 1.530130157086924958e-01 -6.483121835499316976e-01
1.808695651921097306e+05 -6.975271447121798030e-01 -8.895132021019811486e-01
1.826086956266492198e+05 -6.237977093513263904e-02 -4.463700341979386366e-01
1.843478260611887381e+05 -3.672123776290938668e-01 -2.239689114197758180e-01
1.860869564957282564e+05 3.257342479196928542e-01 -1.702362336362228667e-01
1.878260869302677747e+05 -2.311156265647958952e-01 -1.787327553275597225e-01
1.895652173648072931e+05 -4.837405861384241890e-02 -6.416251817574374350e-01
1.913043477993468114e+05 7.763734502193414544e-02 -3.955470112249908077e-01
1.930434782338863297e+05 5.933083894995874741e-02 -2.935022957942567956e-01
1.947826086684258480e+05 5.006602427505748576e-01 -5.315958437779775281e-01
1.965217391029653663e+05 -2.861091218453992724e-01 -9.774366724612626456e-02
1.982608695375048846e+05 3.568964105263132680e-01 -6.419810417695406279e-01
1.999999999720444030e+05 -5.530077919541769027e-02 -3.729007530174180407e-01
2.017391304065839213e+05 -3.877955240083012511e-01 -8.258143015837369205e-01
2.034782608411234396e+05 -1.257744898900541863e-01 -4.633354268926638264e-01
2.052173912756629579e+05 3.272009265567818459e-01 -1.029494445646549794e+00
2.069565217102024762e+05 3.583276020099815939e-01 -8.317689417575152566e-01
2.086956521447419655e+05 -1.647828260772835895e-01 -2.895464057210482833e-01
2.104347825792814838e+05 1.014791514081925250e-02 -5.736012879740247650e-01
2.121739130138210021e+05 -2.078607778388652516e-02 -3.642620720151594771e-01
2.139130434483605204e+05 -3.313941615743340452e-02 -1.136400837819849574e+00
2.156521738829000387e+05 -6.236944065036313656e-02 -8.325899369601286182e-02
2.173913043174395571e+05 -1.474673806864184034e-01 -8.160060353286446855e-01
2.191304347519790754e+05 -2.596681023341463335e-01 -6.421826424394438959e-01
2.208695651865185937e+05 -2.256679445509235937e-01 -2.053586798830429050e-01
2.226086956210581120e+05 -1.705693187176957615e-01 -2.210475813656582744e-01
2.243478260555976303e+05 -2.806590035286899987e-01 -8.211398743760502938e-01
2.260869564901371486e+05 2.954159121451534198e-02 -2.520228811889971832e-01
2.278260869246766670e+05 2.580707476848601023e-01 -1.008073938833160543e+00
2.295652173592161853e+05 1.239777071389719099e-01 -6.780039150723277119e-02
2.313043477937557036e+05 -7.310700074204590226e-03 -5.328466163011411627e-01
2.330434782282952219e+05 -8.409379884995385468e-02 -5.611596621812029451e-01
2.347826086628347402e+05 -5.372640669528989665e-01 -4.781860343944946967e-01
2.365217390973742586e+05 2.479709867647438282e-01 -4.862394857344838339e-01
2.382608695319137478e+05 3.676737586433912464e-01 -3.296566850124014181e-01
2.399999999664532661e+05 3.836357361498357044e-01 -2.164208022473446125e-01
2.417391304009927844e+05 3.807221996489834615e-01 -1.372248562380418146e-02
2.434782608355323027e+05 7.067593182674365426e-01 -5.586498399994788144e-01
2.452173912700718211e+05 -1.091207755530217427e-01 -2.482680759317890118e-02
2.469565217046113394e+05 -2.395261384276657357e-01 -6.019825618989973481e-01
2.486956521391508577e+05 -3.885871508760754267e-01 -4.328925614379007802e-01
2.504347825736903760e+05 -7.930883334381978456e-01 -5.995641785129390833e-01
2.521739130082298943e+05 3.856751585839511831e-01 -2.032611549531311568e-01
2.539130434427694126e+05 2.244131063441693608e-01 -4.923131822542429759e-01
2.556521738773089310e+05 3.236391067294787094e-01 -3.126768911012903773e-01
2.573913043118484493e+05 2.783932132963340411e-01 -4.575866356375785093e-01
2.591304347463879676e+05 1.922254714194504555e-02 -5.442587338570794575e-01
2.608695651809274859e+05 -1.367937359806982722e-01 -6.502403618540868457e-01
2.626086956154669751e+05 8.286092520253764138e-02 -2.772860981567742411e-01
2.643478260500064935e+05 -2.264989122262787979e-02 -4.570672875544013469e-01
2.660869564845460118e+05 3.591171636221394126e-01 -2.622115209423483417e-01
2.678260869190855301e+05 1.898826584530274308e-01 4.803252529059826026e-02
2.695652173536250484e+05 -3.227276287004821054e-02 -5.589039094110892503e-01
2.713043477881645667e+05 1.763284606770569307e-01 -2.109889632071811905e-01
2.730434782227040851e+05 -4.885116397749914019e-02 1.330898892155392699e-01
2.747826086572436034e+05 8.681614574555804320e-02 -5.499051509841774710e-01
2.765217390917831217e+05 7.470220644987192460e-02 -2.621346572234074523e-01
2.782608695263226400e+05 1.601607973325420153e-01 -3.338347583764622595e-02
2.799999999608621583e+05 -2.112933048084115750e-01 -5.276569738146102972e-02
2.817391303954016767e+05 1.275726253378672848e-01 -3.467689096903660562e-01
2.834782608299411950e+05 2.418499294999808813e-01 -2.357876066608915466e-01
2.852173912644807133e+05 3.938798966296428450e-01 -2.751206254489566572e-01
2.869565216990202316e+05 2.819184739361729197e-01 -6.993952898471170743e-01
2.886956521335597499e+05 -1.301512546130730308e-01 9.118494769194251948e-02
2.904347825680992682e+05 -5.751822811308394262e-02 -5.661565224762051818e-01
2.921739130026387866e+05 -1.378635985946081721e-01 -3.652405381717173105e-01
2.939130434371783049e+05 2.793213454051393096e-01 -6.363866400674267343e-02
2.956521738717178232e+05 1.642476278585802696e-01 -6.395210425318689218e-01
2.973913043062573415e+05 2.205647131812189521e-01 -8.365175405078179027e-02
2.991304347407968598e+05 -3.690135669084481096e-01 -6.142475958641024913e-01
3.008695651753363782e+05 -3.729667712797896106e-01 -2.901696219043139457e-01
3.026086956098758965e+05 1.760975098160855734e-01 -2.696855291163519075e-01
3.043478260444154148e+05 -1.407590335788490299e-02 -3.760449653148106863e-01
3.060869564789548749e+05 -4.259943167659945296e-01 1.719238573772617906e-01
3.078260869134943932e+05 -3.738525360629607608e-02 -1.707351826791734251e-01
3.095652173480339115e+05 4.675568866793284456e-02 -8.777554634970485825e-01
3.113043477825734299e+05 -2.089914363578830314e-01 -1.523246084630312525e-01
3.130434782171129482e+05 1.334287046778794561e-01 -2.392798681054504883e-01
3.147826086516524665e+05 2.026289375317546215e-01 -9.606316149140671223e-01
3.165217390861919848e+05 2.618898053375983137e-01 -1.657632038234521099e-01
3.182608695207315031e+05 2.104204270297326540e-01 -5.551215001131575288e-01
3.199999999552710215e+05 -4.321696253667455800e-01 2.809962560486766181e-01
3.217391303898105398e+05 6.530400481328232365e-01 -1.183087726631070202e-01
3.234782608243500581e+05 6.362827164145576919e-01 -4.230835973418072271e-01
3.252173912588895764e+05 5.940579260858758204e-01 -3.377806877551281506e-02
3.269565216934290947e+05 6.171135483937664201e-01 -3.057962118250170391e-01
3.286956521279686131e+05 3.761433783050380786e-01 -2.663608097399881025e-01
3.304347825625081314e+05 -1.636025643549585684e-01 -6.411387191276040065e-01
3.321739129970476497e+05 3.417244694593986054e-01 -4.968056801126996547e-02
3.339130434315871680e+05 1.385245943238019861e-01 -3.818093310774440807e-01
3.356521738661266863e+05 3.625913585921711202e-02 -3.739512230570731788e-01
3.373913043006662047e+05 4.602464675060034816e-02 -1.350165043442163038e-01
3.391304347352057230e+05 1.901210246262985959e-01 1.819387457564313193e-01
3.408695651697452413e+05 7.365265483543126379e-02 -2.478769147643531401e-01
3.426086956042847596e+05 2.163524706134393460e-01 -3.540123594107349447e-01
3.443478260388242779e+05 3.019820390297224266e-01 -1.363466014007752580e-01
3.460869564733637962e+05 3.265595116107167240e-02 -2.411787284270650034e-01
3.478260869079033146e+05 1.607142473498318902e-01 -4.359979663506308167e-01
3.495652173424428329e+05 -9.866318764291687193e-02 -8.776927319251259796e-02
3.513043477769823512e+05 -2.036163881116556107e-01 -9.865083722627177032e-02
3.530434782115218695e+05 -1.099047618909776425e-03 -1.051083911535841686e-01
3.547826086460613878e+05 1.202335774727510131e-01 -3.168701335952560649e-01
3.565217390806009062e+05 -2.331819260443152020e-02 -1.108842374321907798e-01
3.582608695151404245e+05 -4.050443290702930854e-01 7.250050243525518745e-02
3.599999999496799428e+05 3.456059607316265825e-01 -3.396553757236790982e-01
3.617391303842194611e+05 2.439279765711682701e-01 -6.238740712255876897e-01
3.634782608187589212e+05 1.300185148900409315e-01 -1.998053138139199714e-01
3.652173912532984396e+05 2.020052049266521654e-01 -3.923906609139606871e-01
3.669565216878379579e+05 1.182334500847890407e-01 -4.598089391206003906e-01
3.686956521223774762e+05 -1.005931542909049847e-02 -4.852761264999339019e-02
3.704347825569169945e+05 4.868335975462685650e-02 -4.663219311632691433e-01
3.721739129914565128e+05 1.227453748436493214e-01 3.483867331653058841e-01
3.739130434259960311e+05 -1.170074705877582333e-01 3.339053302059191708e-03
3.756521738605355495e+05 -2.763550012881758056e-01 1.027636139628942402e-01
3.773913042950750678e+05 -2.767978037273222114e-02 -1.487947001822131909e-01
3.791304347296145861e+05 1.182131938292318163e-01 -2.018981883972958968e-01
3.808695651641541044e+05 7.118316225964600730e-02 -2.715282239915763896e-01
3.826086955986936227e+05 1.907165075590165348e-01 -1.136619340750670837e-01
3.843478260332331411e+05 3.309262481347476914e-01 -3.835277223539463876e-01
3.860869564677726594e+05 -1.144029089708851199e-01 -1.280761235719971580e-01
3.878260869023121777e+05 -3.077986898110423586e-01 -5.339522417210336158e-01
3.895652173368516960e+05 -1.587650761558600521e-01 -1.689200185367027984e-01
3.913043477713912143e+05 1.007871910277232663e-01 -4.075150634371693670e-01
3.930434782059307327e+05 -1.877353046603211228e-02 3.265066280146289301e-01
3.947826086404702510e+05 1.783283912764836998e-01 2.457446366308957408e-03
3.965217390750097693e+05 -1.215876192811489176e-01 1.480263218294499694e-01
3.982608695095492876e+05 2.538193049760213427e-01 -3.228337530119667065e-01
3.999999999440888059e+05 -1.590169863128101935e-01 -1.952830634602018556e-01
4.017391303786283243e+05 -1.667906519612932792e-02 -8.863253928361827794e-02
4.034782608131678426e+05 -5.248189641973982633e-02 -5.387592597420624019e-01
4.052173912477073609e+05 -1.918294785618201159e-01 2.793678972529877180e-01
4.069565216822468792e+05 -2.408699692335231624e-01 -7.934001664882017746e-02
4.086956521167863975e+05 1.873440903115481948e-01 -2.402352691379537886e-01
4.104347825513259158e+05 4.215767556549503969e-01 7.445293161471627785e-02
4.121739129858654342e+05 1.439664597836969873e-01 5.819094882796216339e-02
4.139130434204049525e+05 1.602910844695418224e-01 -7.947805143026118180e-02
4.156521738549444708e+05 -1.354852576339515835e-02 3.673908828222677281e-02
4.173913042894839309e+05 -7.251395607652638686e-02 -3.228885661470498603e-01
4.191304347240234492e+05 2.930515396972080966e-01 -4.570859942799091469e-01
4.208695651585629676e+05 -2.820840850893175933e-01 3.128227111275028172e-02
4.226086955931024859e+05 6.594731955967969572e-02 3.023128809134162931e-01
4.243478260276420042e+05 6.310232406863561239e-02 -1.664887338434880015e-01
4.260869564621815225e+05 4.800252203131473161e-01 -2.451325620754632451e-01
4.278260868967210408e+05 8.448590953786827562e-02 3.538922310697678597e-02
4.295652173312605591e+05 1.096437737295435089e-01 -3.397219071493181586e-01
4.313043477658000775e+05 2.815841616076660836e-01 -3.703571850089746875e-01
4.330434782003395958e+05 5.332546637477992846e-01 -5.524621827024527310e-01
4.347826086348791141e+05 2.027581025206753873e-02 3.351374956266597871e-01
4.365217390694186324e+05 1.443130921488113838e-01 -9.749928079266012571e-02
4.382608695039581507e+05 9.323842828491109291e-02 8.019995716167743760e-02
4.399999999384976691e+05 -1.988424122842762098e-02 -1.392841261130711161e-01
4.417391303730371874e+05 -4.200670689617592990e-02 9.477369674383534504e-03
4.434782608075767057e+05 -2.880721805497013510e-01 -7.842233678264454166e-02
4.452173912421162240e+05 1.673548144210012523e-01 -1.851056699800527339e-01
4.469565216766557423e+05 3.707985389664069098e-01 -3.081396741668068207e-01
4.486956521111952607e+05 2.276905249862188341e-01 -1.905829233262950895e-01
4.504347825457347790e+05 3.348640544296961341e-01 1.490110996049993086e-01
4.521739129802742973e+05 -1.949731050273517674e-02 -1.807202267488158820e-01
4.539130434148138156e+05 1.003501860165772752e-01 7.311316250082100510e-02
4.556521738493533339e+05 -1.227835906565918483e-01 1.157099696455725635e-01
4.573913042838928523e+05 4.108062900688098928e-02 2.375192633109546314e-02
4.591304347184323706e+05 -6.776172063482438501e-03 -1.666212353010401159e-01
4.608695651529718889e+05 2.799049668211083253e-01 1.733884929118868490e-01
4.626086955875114072e+05 -2.550648747628179308e-02 2.060000546094115093e-01
4.643478260220509255e+05 -3.713450924002083264e-02 -1.942429924557070864e-02
4.660869564565904438e+05 3.581476141381483291e-01 1.107673000972737576e-01
4.678260868911299622e+05 2.784611804731543794e-01 -2.733610279215100691e-01
4.695652173256694805e+05 -2.842015687670246260e-02 -2.954117377084269913e-02
4.713043477602089988e+05 -1.897812118486569000e-01 -1.827131372424545819e-01
4.730434781947485171e+05 -1.958990138425096839e-01 -3.623799369527629100e-02
4.747826086292879772e+05 4.485273274469304960e-02 -6.091938733556312435e-02
4.765217390638274956e+05 2.469332900327177449e-01 -1.617887344318860166e-01
4.782608694983670139e+05 1.919506560149027985e-01 1.065108629720113997e-01
4.799999999329065322e+05 2.217473610840245968e-01 4.883257086140208036e-02
4.817391303674460505e+05 -1.173684172856910013e-01 2.537464373003245344e-02
4.834782608019855688e+05 -9.470170895909529873e-02 -7.091194602350303633e-02
4.852173912365250872e+05 -1.336309043442757138e-01 4.392550568478972295e-01
4.869565216710646055e+05 3.213977565676459647e-02 3.066075130833439966e-01
4.886956521056041238e+05 -5.732225093594452148e-02 2.826117620790402629e-01
4.904347825401436421e+05 -1.842559021250031737e-01 -3.227289874198807640e-02
4.921739129746831604e+05 3.036794301492204418e-01 -1.388787573398137520e-01
4.939130434092226787e+05 -1.671495462950300936e-02 4.101168655707916333e-01
4.956521738437621971e+05 2.037333523449206818e-01 2.416280772912023922e-01
4.973913042783017154e+05 4.663653968564033248e-01 -5.665836248329138014e-01
4.991304347128412337e+05 4.368352105275265934e-02 1.025453775848897409e-02
